1 -24.3
2 -25.7
3 -21.9
4 -23.9
5 -22.5
6 -24.1
7 -23.1
8 -26.6
9 -26.5
10 -27
11 -29.3
12 -28.8
13 -22.4
14 -20.8
15 -23.9
16 -24.2
17 -20.4
18 -24
19 -22.2
20 -18.4
21 -16.4
22 -28
23 -26.4
24 -26.4
25 -23.3
26 -24.9
27 -23
28 -27.5
29 -23.6
30 -23.3
31 -22.7
32 -22.6
33 -19.6
34 -17.2
35 -19.6
36 -25
37 -17.8
38 -23
39 -17.2
40 -24.8
41 -23.4
42 -21.3
43 -16.2
44 -22.6
45 -22
46 -18.8
47 -24.9
48 -21.9
49 -23.2
50 -25.9
51 -22.1
52 -22
53 -19
54 -24.2
55 -18.9
56 -21
57 -21.7
58 -20.3
59 -23.2
60 -23.6
61 -23.1
62 -20.4
63 -21.3
64 -25.4
65 -20.2
66 -26.4
67 -20
68 -20.6
69 -22.5
70 -20
71 -18.5
72 -24.6
73 -26.5
74 -18.1
75 -22.9
76 -24.5
77 -19
78 -23.5
79 -20.9
80 -22.2
81 -14.6
82 -21.6
83 -20.8
84 -27.5
85 -22
86 -27.1
87 -23
88 -26.5
89 -21.3
90 -20.7
91 -20.3
92 -26.4
93 -26.2
94 -15.5
95 -20.4
96 -21.1
97 -26.7
98 -22.3
99 -19.6
100 -24.2
101 -22.5
102 -24.3
103 -20.1
104 -20.6
105 -24.6
106 -26.7
107 -25.2
108 -22.7
109 -25.7
110 -16.3
111 -25.3
112 -23.1
113 -22.5
114 -20.5
115 -21.7
116 -23.7
117 -24
118 -24
119 -16.8
120 -26.1
121 -22
122 -21.2
123 -22.4
124 -22.2
125 -23.6
126 -16.8
127 -22.5
128 -23.3
129 -20.1
130 -25.9
131 -24.4
132 -23.1
133 -23.6
134 -18
135 -21.5
136 -21.6
137 -20.5
138 -22.5
139 -20.9
140 -14.6
141 -12
142 -22.4
143 -20.9
144 -21.3
145 -19.9
146 -22.5
147 -21.9
148 -22
149 -21.1
150 -25.3
151 -20.6
152 -19.5
153 -18.3
154 -15.2
155 -20
156 -21.1
157 -21.1
158 -18.6
159 -13.2
160 -18.8
161 -20.4
162 -15.4
163 -22.3
164 -20
165 -16.2
166 -16.3
167 -14.8
168 -10.8
169 -20.7
170 -17.6
