1	 -21.9
1.1	 -23.0814
1.2	 -23.9131
1.3	 -24.4538
1.4	 -24.7566
1.5	 -24.8691
1.6	 -24.8339
1.7	 -24.6887
1.8	 -24.4662
1.9	 -24.1952
2	 -23.9
2.1	 -23.6011
2.2	 -23.3152
2.3	 -23.0558
2.4	 -22.8331
2.5	 -22.6543
2.6	 -22.524
2.7	 -22.4444
2.8	 -22.4155
2.9	 -22.4352
3	 -22.5
3.1	 -22.6047
3.2	 -22.7429
3.3	 -22.9075
3.4	 -23.0904
3.5	 -23.2832
3.6	 -23.4773
3.7	 -23.6641
3.8	 -23.8352
3.9	 -23.9828
4	 -24.1
4.1	 -24.1807
4.2	 -24.2202
4.3	 -24.2152
4.4	 -24.1645
4.5	 -24.0684
4.6	 -23.9298
4.7	 -23.7541
4.8	 -23.5493
4.9	 -23.3265
5	 -23.1
5.1	 -22.8877
5.2	 -22.7111
5.3	 -22.5957
5.4	 -22.5713
5.5	 -22.6723
5.6	 -22.9375
5.7	 -23.4109
5.8	 -24.1417
5.9	 -25.1847
6	 -26.6
