0	  1
0.1	  -1.87744e+20
0.2	  -7.26286e+20
0.3	  -1.61563e+21
0.4	  -2.85576e+21
0.5	  -4.4467e+21
0.6	  -6.38843e+21
0.7	  -8.68096e+21
0.8	  -1.13243e+22
0.9	  -1.43184e+22
1	  -1.76633e+22
1.1	  -2.13591e+22
1.2	  -2.54056e+22
1.3	  -2.98029e+22
1.4	  -3.4551e+22
1.5	  -3.96499e+22
1.6	  -4.50997e+22
1.7	  -5.09002e+22
1.8	  -5.70515e+22
1.9	  -6.35536e+22
2	  -7.04065e+22
2.1	  -7.76102e+22
2.2	  -8.51647e+22
2.3	  -9.307e+22
2.4	  -1.01326e+23
2.5	  -1.09933e+23
2.6	  -1.18891e+23
2.7	  -1.28199e+23
2.8	  -1.37858e+23
2.9	  -1.47869e+23
3	  -1.58229e+23
3.1	  -1.68941e+23
3.2	  -1.80004e+23
3.3	  -1.91417e+23
3.4	  -2.03181e+23
3.5	  -2.15296e+23
3.6	  -2.27761e+23
3.7	  -2.40578e+23
3.8	  -2.53745e+23
3.9	  -2.67263e+23
4	  -2.81132e+23
4.1	  -2.95352e+23
4.2	  -3.09922e+23
4.3	  -3.24844e+23
4.4	  -3.40116e+23
4.5	  -3.55738e+23
4.6	  -3.71712e+23
4.7	  -3.88037e+23
4.8	  -4.04712e+23
4.9	  -4.21738e+23
5	  -4.39115e+23
5.1	  -4.56842e+23
5.2	  -4.74921e+23
5.3	  -4.9335e+23
5.4	  -5.1213e+23
5.5	  -5.31261e+23
5.6	  -5.50743e+23
5.7	  -5.70575e+23
5.8	  -5.90758e+23
5.9	  -6.11292e+23
6	  -6.32177e+23
6.1	  -6.53413e+23
6.2	  -6.74999e+23
6.3	  -6.96936e+23
6.4	  -7.19224e+23
6.5	  -7.41863e+23
6.6	  -7.64853e+23
6.7	  -7.88193e+23
6.8	  -8.11884e+23
6.9	  -8.35926e+23
7	  -8.60319e+23
7.1	  -8.85063e+23
7.2	  -9.10157e+23
7.3	  -9.35602e+23
7.4	  -9.61398e+23
7.5	  -9.87545e+23
7.6	  -1.01404e+24
7.7	  -1.04089e+24
7.8	  -1.06809e+24
7.9	  -1.09564e+24
8	  -1.12354e+24
8.1	  -1.15179e+24
8.2	  -1.1804e+24
8.3	  -1.20935e+24
8.4	  -1.23865e+24
8.5	  -1.26831e+24
8.6	  -1.29831e+24
8.7	  -1.32867e+24
8.8	  -1.35938e+24
8.9	  -1.39043e+24
9	  -1.42184e+24
9.1	  -1.4536e+24
9.2	  -1.48571e+24
9.3	  -1.51817e+24
9.4	  -1.55099e+24
9.5	  -1.58415e+24
9.6	  -1.61766e+24
9.7	  -1.65153e+24
9.8	  -1.68574e+24
9.9	  -1.72031e+24
10	  -1.75522e+24
10.1	  -1.79049e+24
10.2	  -1.82611e+24
10.3	  -1.86208e+24
10.4	  -1.8984e+24
10.5	  -1.93507e+24
10.6	  -1.97209e+24
10.7	  -2.00946e+24
10.8	  -2.04719e+24
10.9	  -2.08526e+24
11	  -2.12369e+24
11.1	  -2.16246e+24
11.2	  -2.20159e+24
11.3	  -2.24106e+24
11.4	  -2.28089e+24
11.5	  -2.32107e+24
11.6	  -2.3616e+24
11.7	  -2.40248e+24
11.8	  -2.44371e+24
11.9	  -2.48529e+24
12	  -2.52723e+24
12.1	  -2.56951e+24
12.2	  -2.61214e+24
12.3	  -2.65513e+24
12.4	  -2.69847e+24
12.5	  -2.74215e+24
12.6	  -2.78619e+24
12.7	  -2.83058e+24
12.8	  -2.87532e+24
12.9	  -2.92041e+24
13	  -2.96585e+24
13.1	  -3.01164e+24
13.2	  -3.05778e+24
13.3	  -3.10427e+24
13.4	  -3.15112e+24
13.5	  -3.19831e+24
13.6	  -3.24586e+24
13.7	  -3.29375e+24
13.8	  -3.342e+24
13.9	  -3.3906e+24
14	  -3.43955e+24
14.1	  -3.48885e+24
14.2	  -3.5385e+24
14.3	  -3.5885e+24
14.4	  -3.63885e+24
14.5	  -3.68955e+24
14.6	  -3.74061e+24
14.7	  -3.79201e+24
14.8	  -3.84377e+24
14.9	  -3.89587e+24
15	  -3.94833e+24
15.1	  -4.00114e+24
15.2	  -4.05429e+24
15.3	  -4.1078e+24
15.4	  -4.16166e+24
15.5	  -4.21587e+24
15.6	  -4.27044e+24
15.7	  -4.32535e+24
15.8	  -4.38061e+24
15.9	  -4.43622e+24
16	  -4.49219e+24
16.1	  -4.5485e+24
16.2	  -4.60517e+24
16.3	  -4.66219e+24
16.4	  -4.71956e+24
16.5	  -4.77727e+24
16.6	  -4.83534e+24
16.7	  -4.89376e+24
16.8	  -4.95253e+24
16.9	  -5.01166e+24
17	  -5.07113e+24
17.1	  -5.13095e+24
17.2	  -5.19113e+24
17.3	  -5.25165e+24
17.4	  -5.31253e+24
17.5	  -5.37375e+24
17.6	  -5.43533e+24
17.7	  -5.49726e+24
17.8	  -5.55954e+24
17.9	  -5.62217e+24
18	  -5.68515e+24
18.1	  -5.74848e+24
18.2	  -5.81216e+24
18.3	  -5.8762e+24
18.4	  -5.94058e+24
18.5	  -6.00531e+24
18.6	  -6.0704e+24
18.7	  -6.13584e+24
18.8	  -6.20162e+24
18.9	  -6.26776e+24
19	  -6.33425e+24
19.1	  -6.40109e+24
19.2	  -6.46828e+24
19.3	  -6.53582e+24
19.4	  -6.60371e+24
19.5	  -6.67195e+24
19.6	  -6.74055e+24
19.7	  -6.80949e+24
19.8	  -6.87879e+24
19.9	  -6.94843e+24
20	  -7.01843e+24
20.1	  -7.08878e+24
20.2	  -7.15947e+24
20.3	  -7.23052e+24
20.4	  -7.30192e+24
20.5	  -7.37367e+24
20.6	  -7.44577e+24
20.7	  -7.51823e+24
20.8	  -7.59103e+24
20.9	  -7.66418e+24
21	  -7.73769e+24
21.1	  -7.81154e+24
21.2	  -7.88575e+24
21.3	  -7.96031e+24
21.4	  -8.03521e+24
21.5	  -8.11047e+24
21.6	  -8.18608e+24
21.7	  -8.26204e+24
21.8	  -8.33835e+24
21.9	  -8.41501e+24
22	  -8.49203e+24
22.1	  -8.56939e+24
22.2	  -8.6471e+24
22.3	  -8.72517e+24
22.4	  -8.80358e+24
22.5	  -8.88235e+24
22.6	  -8.96147e+24
22.7	  -9.04094e+24
22.8	  -9.12076e+24
22.9	  -9.20092e+24
23	  -9.28145e+24
23.1	  -9.36232e+24
23.2	  -9.44354e+24
23.3	  -9.52511e+24
23.4	  -9.60704e+24
23.5	  -9.68931e+24
23.6	  -9.77194e+24
23.7	  -9.85491e+24
23.8	  -9.93824e+24
23.9	  -1.00219e+25
24	  -1.01059e+25
24.1	  -1.01903e+25
24.2	  -1.02751e+25
24.3	  -1.03601e+25
24.4	  -1.04456e+25
24.5	  -1.05313e+25
24.6	  -1.06175e+25
24.7	  -1.0704e+25
24.8	  -1.07908e+25
24.9	  -1.0878e+25
25	  -1.09655e+25
25.1	  -1.10534e+25
25.2	  -1.11416e+25
25.3	  -1.12302e+25
25.4	  -1.13192e+25
25.5	  -1.14085e+25
25.6	  -1.14981e+25
25.7	  -1.15881e+25
25.8	  -1.16784e+25
25.9	  -1.17691e+25
26	  -1.18602e+25
26.1	  -1.19516e+25
26.2	  -1.20433e+25
26.3	  -1.21354e+25
26.4	  -1.22279e+25
26.5	  -1.23207e+25
26.6	  -1.24138e+25
26.7	  -1.25073e+25
26.8	  -1.26012e+25
26.9	  -1.26954e+25
27	  -1.27899e+25
27.1	  -1.28848e+25
27.2	  -1.29801e+25
27.3	  -1.30757e+25
27.4	  -1.31716e+25
27.5	  -1.32679e+25
27.6	  -1.33646e+25
27.7	  -1.34616e+25
27.8	  -1.3559e+25
27.9	  -1.36567e+25
28	  -1.37547e+25
28.1	  -1.38531e+25
28.2	  -1.39519e+25
28.3	  -1.4051e+25
28.4	  -1.41505e+25
28.5	  -1.42503e+25
28.6	  -1.43505e+25
28.7	  -1.4451e+25
28.8	  -1.45518e+25
28.9	  -1.46531e+25
29	  -1.47546e+25
29.1	  -1.48566e+25
29.2	  -1.49588e+25
29.3	  -1.50614e+25
29.4	  -1.51644e+25
29.5	  -1.52677e+25
29.6	  -1.53714e+25
29.7	  -1.54754e+25
29.8	  -1.55798e+25
29.9	  -1.56845e+25
30	  -1.57896e+25
30.1	  -1.5895e+25
30.2	  -1.60008e+25
30.3	  -1.61069e+25
30.4	  -1.62134e+25
30.5	  -1.63203e+25
30.6	  -1.64274e+25
30.7	  -1.6535e+25
30.8	  -1.66429e+25
30.9	  -1.67511e+25
31	  -1.68597e+25
31.1	  -1.69686e+25
31.2	  -1.70779e+25
31.3	  -1.71875e+25
31.4	  -1.72975e+25
31.5	  -1.74079e+25
31.6	  -1.75185e+25
31.7	  -1.76296e+25
31.8	  -1.7741e+25
31.9	  -1.78527e+25
32	  -1.79648e+25
32.1	  -1.80772e+25
32.2	  -1.819e+25
32.3	  -1.83032e+25
32.4	  -1.84167e+25
32.5	  -1.85305e+25
32.6	  -1.86447e+25
32.7	  -1.87593e+25
32.8	  -1.88742e+25
32.9	  -1.89894e+25
33	  -1.9105e+25
33.1	  -1.9221e+25
33.2	  -1.93373e+25
33.3	  -1.94539e+25
33.4	  -1.95709e+25
33.5	  -1.96883e+25
33.6	  -1.9806e+25
33.7	  -1.9924e+25
33.8	  -2.00425e+25
33.9	  -2.01612e+25
34	  -2.02803e+25
34.1	  -2.03998e+25
34.2	  -2.05196e+25
34.3	  -2.06397e+25
34.4	  -2.07603e+25
34.5	  -2.08811e+25
34.6	  -2.10023e+25
34.7	  -2.11239e+25
34.8	  -2.12458e+25
34.9	  -2.13681e+25
35	  -2.14907e+25
35.1	  -2.16137e+25
35.2	  -2.1737e+25
35.3	  -2.18606e+25
35.4	  -2.19847e+25
35.5	  -2.2109e+25
35.6	  -2.22338e+25
35.7	  -2.23588e+25
35.8	  -2.24843e+25
35.9	  -2.261e+25
36	  -2.27362e+25
36.1	  -2.28626e+25
36.2	  -2.29895e+25
36.3	  -2.31166e+25
36.4	  -2.32442e+25
36.5	  -2.3372e+25
36.6	  -2.35003e+25
36.7	  -2.36288e+25
36.8	  -2.37578e+25
36.9	  -2.38871e+25
37	  -2.40167e+25
37.1	  -2.41467e+25
37.2	  -2.4277e+25
37.3	  -2.44077e+25
37.4	  -2.45387e+25
37.5	  -2.46701e+25
37.6	  -2.48018e+25
37.7	  -2.49339e+25
37.8	  -2.50664e+25
37.9	  -2.51992e+25
38	  -2.53323e+25
38.1	  -2.54658e+25
38.2	  -2.55996e+25
38.3	  -2.57338e+25
38.4	  -2.58684e+25
38.5	  -2.60033e+25
38.6	  -2.61385e+25
38.7	  -2.62741e+25
38.8	  -2.64101e+25
38.9	  -2.65464e+25
39	  -2.6683e+25
39.1	  -2.682e+25
39.2	  -2.69573e+25
39.3	  -2.7095e+25
39.4	  -2.72331e+25
39.5	  -2.73715e+25
39.6	  -2.75103e+25
39.7	  -2.76494e+25
39.8	  -2.77888e+25
39.9	  -2.79286e+25
40	  -2.80688e+25
40.1	  -2.82093e+25
40.2	  -2.83501e+25
40.3	  -2.84913e+25
40.4	  -2.86329e+25
40.5	  -2.87748e+25
40.6	  -2.89171e+25
40.7	  -2.90597e+25
40.8	  -2.92027e+25
40.9	  -2.9346e+25
41	  -2.94896e+25
41.1	  -2.96336e+25
41.2	  -2.9778e+25
41.3	  -2.99227e+25
41.4	  -3.00678e+25
41.5	  -3.02132e+25
41.6	  -3.0359e+25
41.7	  -3.05051e+25
41.8	  -3.06516e+25
41.9	  -3.07984e+25
42	  -3.09456e+25
42.1	  -3.10931e+25
42.2	  -3.1241e+25
42.3	  -3.13892e+25
42.4	  -3.15378e+25
42.5	  -3.16867e+25
42.6	  -3.1836e+25
42.7	  -3.19856e+25
42.8	  -3.21356e+25
42.9	  -3.22859e+25
43	  -3.24366e+25
43.1	  -3.25876e+25
43.2	  -3.2739e+25
43.3	  -3.28907e+25
43.4	  -3.30428e+25
43.5	  -3.31952e+25
43.6	  -3.3348e+25
43.7	  -3.35012e+25
43.8	  -3.36546e+25
43.9	  -3.38085e+25
44	  -3.39627e+25
44.1	  -3.41172e+25
44.2	  -3.42721e+25
44.3	  -3.44273e+25
44.4	  -3.45829e+25
44.5	  -3.47389e+25
44.6	  -3.48952e+25
44.7	  -3.50518e+25
44.8	  -3.52088e+25
44.9	  -3.53662e+25
45	  -3.55238e+25
45.1	  -3.56819e+25
45.2	  -3.58403e+25
45.3	  -3.5999e+25
45.4	  -3.61581e+25
45.5	  -3.63176e+25
45.6	  -3.64774e+25
45.7	  -3.66375e+25
45.8	  -3.6798e+25
45.9	  -3.69589e+25
46	  -3.71201e+25
46.1	  -3.72817e+25
46.2	  -3.74436e+25
46.3	  -3.76058e+25
46.4	  -3.77684e+25
46.5	  -3.79314e+25
46.6	  -3.80947e+25
46.7	  -3.82584e+25
46.8	  -3.84224e+25
46.9	  -3.85867e+25
47	  -3.87514e+25
47.1	  -3.89165e+25
47.2	  -3.90819e+25
47.3	  -3.92477e+25
47.4	  -3.94138e+25
47.5	  -3.95803e+25
47.6	  -3.97471e+25
47.7	  -3.99142e+25
47.8	  -4.00818e+25
47.9	  -4.02496e+25
48	  -4.04179e+25
48.1	  -4.05864e+25
48.2	  -4.07553e+25
48.3	  -4.09246e+25
48.4	  -4.10942e+25
48.5	  -4.12642e+25
48.6	  -4.14345e+25
48.7	  -4.16052e+25
48.8	  -4.17762e+25
48.9	  -4.19476e+25
49	  -4.21193e+25
49.1	  -4.22914e+25
49.2	  -4.24639e+25
49.3	  -4.26366e+25
49.4	  -4.28098e+25
49.5	  -4.29832e+25
49.6	  -4.31571e+25
49.7	  -4.33313e+25
49.8	  -4.35058e+25
49.9	  -4.36807e+25
50	  -4.38559e+25
50.1	  -4.40315e+25
50.2	  -4.42074e+25
50.3	  -4.43837e+25
50.4	  -4.45604e+25
50.5	  -4.47374e+25
50.6	  -4.49147e+25
50.7	  -4.50924e+25
50.8	  -4.52704e+25
50.9	  -4.54488e+25
51	  -4.56276e+25
51.1	  -4.58067e+25
51.2	  -4.59861e+25
51.3	  -4.61659e+25
51.4	  -4.63461e+25
51.5	  -4.65266e+25
51.6	  -4.67074e+25
51.7	  -4.68886e+25
51.8	  -4.70702e+25
51.9	  -4.72521e+25
52	  -4.74343e+25
52.1	  -4.76169e+25
52.2	  -4.77999e+25
52.3	  -4.79832e+25
52.4	  -4.81668e+25
52.5	  -4.83508e+25
52.6	  -4.85352e+25
52.7	  -4.87199e+25
52.8	  -4.89049e+25
52.9	  -4.90904e+25
53	  -4.92761e+25
53.1	  -4.94622e+25
53.2	  -4.96487e+25
53.3	  -4.98355e+25
53.4	  -5.00227e+25
53.5	  -5.02102e+25
53.6	  -5.0398e+25
53.7	  -5.05863e+25
53.8	  -5.07748e+25
53.9	  -5.09637e+25
54	  -5.1153e+25
54.1	  -5.13426e+25
54.2	  -5.15326e+25
54.3	  -5.17229e+25
54.4	  -5.19136e+25
54.5	  -5.21046e+25
54.6	  -5.2296e+25
54.7	  -5.24877e+25
54.8	  -5.26798e+25
54.9	  -5.28722e+25
55	  -5.3065e+25
55.1	  -5.32581e+25
55.2	  -5.34516e+25
55.3	  -5.36454e+25
55.4	  -5.38396e+25
55.5	  -5.40341e+25
55.6	  -5.4229e+25
55.7	  -5.44242e+25
55.8	  -5.46198e+25
55.9	  -5.48157e+25
56	  -5.5012e+25
56.1	  -5.52087e+25
56.2	  -5.54057e+25
56.3	  -5.5603e+25
56.4	  -5.58007e+25
56.5	  -5.59987e+25
56.6	  -5.61971e+25
56.7	  -5.63958e+25
56.8	  -5.65949e+25
56.9	  -5.67944e+25
57	  -5.69942e+25
57.1	  -5.71943e+25
57.2	  -5.73948e+25
57.3	  -5.75956e+25
57.4	  -5.77968e+25
57.5	  -5.79984e+25
57.6	  -5.82003e+25
57.7	  -5.84025e+25
57.8	  -5.86051e+25
57.9	  -5.88081e+25
58	  -5.90114e+25
58.1	  -5.9215e+25
58.2	  -5.9419e+25
58.3	  -5.96234e+25
58.4	  -5.98281e+25
58.5	  -6.00331e+25
58.6	  -6.02385e+25
58.7	  -6.04443e+25
58.8	  -6.06504e+25
58.9	  -6.08569e+25
59	  -6.10637e+25
59.1	  -6.12708e+25
59.2	  -6.14783e+25
59.3	  -6.16862e+25
59.4	  -6.18944e+25
59.5	  -6.2103e+25
59.6	  -6.23119e+25
59.7	  -6.25211e+25
59.8	  -6.27308e+25
59.9	  -6.29407e+25
60	  -6.3151e+25
60.1	  -6.33617e+25
60.2	  -6.35727e+25
60.3	  -6.37841e+25
60.4	  -6.39958e+25
60.5	  -6.42079e+25
60.6	  -6.44203e+25
60.7	  -6.46331e+25
60.8	  -6.48462e+25
60.9	  -6.50597e+25
61	  -6.52735e+25
61.1	  -6.54877e+25
61.2	  -6.57022e+25
61.3	  -6.59171e+25
61.4	  -6.61323e+25
61.5	  -6.63479e+25
61.6	  -6.65638e+25
61.7	  -6.67801e+25
61.8	  -6.69967e+25
61.9	  -6.72137e+25
62	  -6.7431e+25
62.1	  -6.76487e+25
62.2	  -6.78667e+25
62.3	  -6.80851e+25
62.4	  -6.83039e+25
62.5	  -6.85229e+25
62.6	  -6.87424e+25
62.7	  -6.89622e+25
62.8	  -6.91823e+25
62.9	  -6.94028e+25
63	  -6.96236e+25
63.1	  -6.98448e+25
63.2	  -7.00664e+25
63.3	  -7.02883e+25
63.4	  -7.05105e+25
63.5	  -7.07331e+25
63.6	  -7.0956e+25
63.7	  -7.11793e+25
63.8	  -7.1403e+25
63.9	  -7.1627e+25
64	  -7.18513e+25
64.1	  -7.2076e+25
64.2	  -7.23011e+25
64.3	  -7.25265e+25
64.4	  -7.27522e+25
64.5	  -7.29783e+25
64.6	  -7.32048e+25
64.7	  -7.34316e+25
64.8	  -7.36587e+25
64.9	  -7.38862e+25
65	  -7.41141e+25
65.1	  -7.43423e+25
65.2	  -7.45709e+25
65.3	  -7.47998e+25
65.4	  -7.5029e+25
65.5	  -7.52586e+25
65.6	  -7.54886e+25
65.7	  -7.57189e+25
65.8	  -7.59496e+25
65.9	  -7.61806e+25
66	  -7.64119e+25
66.1	  -7.66437e+25
66.2	  -7.68757e+25
66.3	  -7.71081e+25
66.4	  -7.73409e+25
66.5	  -7.7574e+25
66.6	  -7.78075e+25
66.7	  -7.80413e+25
66.8	  -7.82755e+25
66.9	  -7.851e+25
67	  -7.87449e+25
67.1	  -7.89801e+25
67.2	  -7.92157e+25
67.3	  -7.94516e+25
67.4	  -7.96879e+25
67.5	  -7.99245e+25
67.6	  -8.01615e+25
67.7	  -8.03988e+25
67.8	  -8.06365e+25
67.9	  -8.08745e+25
68	  -8.11129e+25
68.1	  -8.13516e+25
68.2	  -8.15907e+25
68.3	  -8.18301e+25
68.4	  -8.20699e+25
68.5	  -8.231e+25
68.6	  -8.25505e+25
68.7	  -8.27914e+25
68.8	  -8.30325e+25
68.9	  -8.32741e+25
69	  -8.3516e+25
69.1	  -8.37582e+25
69.2	  -8.40008e+25
69.3	  -8.42437e+25
69.4	  -8.4487e+25
69.5	  -8.47307e+25
69.6	  -8.49747e+25
69.7	  -8.5219e+25
69.8	  -8.54637e+25
69.9	  -8.57087e+25
70	  -8.59541e+25
70.1	  -8.61999e+25
70.2	  -8.6446e+25
70.3	  -8.66924e+25
70.4	  -8.69392e+25
70.5	  -8.71864e+25
70.6	  -8.74339e+25
70.7	  -8.76817e+25
70.8	  -8.79299e+25
70.9	  -8.81785e+25
71	  -8.84274e+25
71.1	  -8.86766e+25
71.2	  -8.89263e+25
71.3	  -8.91762e+25
71.4	  -8.94265e+25
71.5	  -8.96772e+25
71.6	  -8.99282e+25
71.7	  -9.01795e+25
71.8	  -9.04312e+25
71.9	  -9.06833e+25
72	  -9.09357e+25
72.1	  -9.11885e+25
72.2	  -9.14416e+25
72.3	  -9.16951e+25
72.4	  -9.19489e+25
72.5	  -9.2203e+25
72.6	  -9.24576e+25
72.7	  -9.27124e+25
72.8	  -9.29676e+25
72.9	  -9.32232e+25
73	  -9.34791e+25
73.1	  -9.37354e+25
73.2	  -9.3992e+25
73.3	  -9.4249e+25
73.4	  -9.45063e+25
73.5	  -9.4764e+25
73.6	  -9.5022e+25
73.7	  -9.52804e+25
73.8	  -9.55391e+25
73.9	  -9.57982e+25
74	  -9.60576e+25
74.1	  -9.63174e+25
74.2	  -9.65775e+25
74.3	  -9.6838e+25
74.4	  -9.70988e+25
74.5	  -9.736e+25
74.6	  -9.76215e+25
74.7	  -9.78834e+25
74.8	  -9.81457e+25
74.9	  -9.84082e+25
75	  -9.86712e+25
75.1	  -9.89345e+25
75.2	  -9.91981e+25
75.3	  -9.94621e+25
75.4	  -9.97264e+25
75.5	  -9.99911e+25
75.6	  -1.00256e+26
75.7	  -1.00522e+26
75.8	  -1.00787e+26
75.9	  -1.01053e+26
76	  -1.0132e+26
76.1	  -1.01587e+26
76.2	  -1.01854e+26
76.3	  -1.02121e+26
76.4	  -1.02389e+26
76.5	  -1.02657e+26
76.6	  -1.02926e+26
76.7	  -1.03195e+26
76.8	  -1.03464e+26
76.9	  -1.03734e+26
77	  -1.04004e+26
77.1	  -1.04274e+26
77.2	  -1.04545e+26
77.3	  -1.04816e+26
77.4	  -1.05087e+26
77.5	  -1.05359e+26
77.6	  -1.05631e+26
77.7	  -1.05903e+26
77.8	  -1.06176e+26
77.9	  -1.06449e+26
78	  -1.06722e+26
78.1	  -1.06996e+26
78.2	  -1.0727e+26
78.3	  -1.07545e+26
78.4	  -1.0782e+26
78.5	  -1.08095e+26
78.6	  -1.0837e+26
78.7	  -1.08646e+26
78.8	  -1.08923e+26
78.9	  -1.09199e+26
79	  -1.09476e+26
79.1	  -1.09754e+26
79.2	  -1.10031e+26
79.3	  -1.10309e+26
79.4	  -1.10588e+26
79.5	  -1.10866e+26
79.6	  -1.11145e+26
79.7	  -1.11425e+26
79.8	  -1.11705e+26
79.9	  -1.11985e+26
80	  -1.12265e+26
80.1	  -1.12546e+26
80.2	  -1.12827e+26
80.3	  -1.13109e+26
80.4	  -1.13391e+26
80.5	  -1.13673e+26
80.6	  -1.13955e+26
80.7	  -1.14238e+26
80.8	  -1.14522e+26
80.9	  -1.14805e+26
81	  -1.15089e+26
81.1	  -1.15374e+26
81.2	  -1.15658e+26
81.3	  -1.15943e+26
81.4	  -1.16229e+26
81.5	  -1.16514e+26
81.6	  -1.16801e+26
81.7	  -1.17087e+26
81.8	  -1.17374e+26
81.9	  -1.17661e+26
82	  -1.17948e+26
82.1	  -1.18236e+26
82.2	  -1.18524e+26
82.3	  -1.18813e+26
82.4	  -1.19102e+26
82.5	  -1.19391e+26
82.6	  -1.19681e+26
82.7	  -1.19971e+26
82.8	  -1.20261e+26
82.9	  -1.20552e+26
83	  -1.20843e+26
83.1	  -1.21134e+26
83.2	  -1.21426e+26
83.3	  -1.21718e+26
83.4	  -1.2201e+26
83.5	  -1.22303e+26
83.6	  -1.22596e+26
83.7	  -1.22889e+26
83.8	  -1.23183e+26
83.9	  -1.23477e+26
84	  -1.23772e+26
84.1	  -1.24067e+26
84.2	  -1.24362e+26
84.3	  -1.24658e+26
84.4	  -1.24953e+26
84.5	  -1.2525e+26
84.6	  -1.25546e+26
84.7	  -1.25843e+26
84.8	  -1.26141e+26
84.9	  -1.26438e+26
85	  -1.26736e+26
85.1	  -1.27035e+26
85.2	  -1.27333e+26
85.3	  -1.27632e+26
85.4	  -1.27932e+26
85.5	  -1.28232e+26
85.6	  -1.28532e+26
85.7	  -1.28832e+26
85.8	  -1.29133e+26
85.9	  -1.29434e+26
86	  -1.29736e+26
86.1	  -1.30038e+26
86.2	  -1.3034e+26
86.3	  -1.30642e+26
86.4	  -1.30945e+26
86.5	  -1.31249e+26
86.6	  -1.31552e+26
86.7	  -1.31856e+26
86.8	  -1.32161e+26
86.9	  -1.32465e+26
87	  -1.3277e+26
87.1	  -1.33076e+26
87.2	  -1.33381e+26
87.3	  -1.33687e+26
87.4	  -1.33994e+26
87.5	  -1.34301e+26
87.6	  -1.34608e+26
87.7	  -1.34915e+26
87.8	  -1.35223e+26
87.9	  -1.35531e+26
88	  -1.3584e+26
88.1	  -1.36149e+26
88.2	  -1.36458e+26
88.3	  -1.36768e+26
88.4	  -1.37077e+26
88.5	  -1.37388e+26
88.6	  -1.37698e+26
88.7	  -1.38009e+26
88.8	  -1.38321e+26
88.9	  -1.38632e+26
89	  -1.38945e+26
89.1	  -1.39257e+26
89.2	  -1.3957e+26
89.3	  -1.39883e+26
89.4	  -1.40196e+26
89.5	  -1.4051e+26
89.6	  -1.40824e+26
89.7	  -1.41139e+26
89.8	  -1.41454e+26
89.9	  -1.41769e+26
90	  -1.42084e+26
90.1	  -1.424e+26
90.2	  -1.42716e+26
90.3	  -1.43033e+26
90.4	  -1.4335e+26
90.5	  -1.43667e+26
90.6	  -1.43985e+26
90.7	  -1.44303e+26
90.8	  -1.44621e+26
90.9	  -1.4494e+26
91	  -1.45259e+26
91.1	  -1.45579e+26
91.2	  -1.45898e+26
91.3	  -1.46218e+26
91.4	  -1.46539e+26
91.5	  -1.4686e+26
91.6	  -1.47181e+26
91.7	  -1.47502e+26
91.8	  -1.47824e+26
91.9	  -1.48146e+26
92	  -1.48469e+26
92.1	  -1.48792e+26
92.2	  -1.49115e+26
92.3	  -1.49439e+26
92.4	  -1.49763e+26
92.5	  -1.50087e+26
92.6	  -1.50412e+26
92.7	  -1.50737e+26
92.8	  -1.51062e+26
92.9	  -1.51388e+26
93	  -1.51714e+26
93.1	  -1.5204e+26
93.2	  -1.52367e+26
93.3	  -1.52694e+26
93.4	  -1.53022e+26
93.5	  -1.5335e+26
93.6	  -1.53678e+26
93.7	  -1.54006e+26
93.8	  -1.54335e+26
93.9	  -1.54665e+26
94	  -1.54994e+26
94.1	  -1.55324e+26
94.2	  -1.55654e+26
94.3	  -1.55985e+26
94.4	  -1.56316e+26
94.5	  -1.56647e+26
94.6	  -1.56979e+26
94.7	  -1.57311e+26
94.8	  -1.57643e+26
94.9	  -1.57976e+26
95	  -1.58309e+26
95.1	  -1.58643e+26
95.2	  -1.58977e+26
95.3	  -1.59311e+26
95.4	  -1.59645e+26
95.5	  -1.5998e+26
95.6	  -1.60315e+26
95.7	  -1.60651e+26
95.8	  -1.60987e+26
95.9	  -1.61323e+26
96	  -1.6166e+26
96.1	  -1.61997e+26
96.2	  -1.62334e+26
96.3	  -1.62671e+26
96.4	  -1.63009e+26
96.5	  -1.63348e+26
96.6	  -1.63687e+26
96.7	  -1.64026e+26
96.8	  -1.64365e+26
96.9	  -1.64705e+26
97	  -1.65045e+26
97.1	  -1.65385e+26
97.2	  -1.65726e+26
97.3	  -1.66067e+26
97.4	  -1.66409e+26
97.5	  -1.66751e+26
97.6	  -1.67093e+26
97.7	  -1.67435e+26
97.8	  -1.67778e+26
97.9	  -1.68122e+26
98	  -1.68465e+26
98.1	  -1.68809e+26
98.2	  -1.69154e+26
98.3	  -1.69498e+26
98.4	  -1.69843e+26
98.5	  -1.70189e+26
98.6	  -1.70534e+26
98.7	  -1.7088e+26
98.8	  -1.71227e+26
98.9	  -1.71574e+26
99	  -1.71921e+26
99.1	  -1.72268e+26
99.2	  -1.72616e+26
99.3	  -1.72964e+26
99.4	  -1.73313e+26
99.5	  -1.73662e+26
99.6	  -1.74011e+26
99.7	  -1.7436e+26
99.8	  -1.7471e+26
99.9	  -1.75061e+26
100	  -1.75411e+26
100.1	  -1.75762e+26
100.2	  -1.76114e+26
100.3	  -1.76465e+26
100.4	  -1.76817e+26
100.5	  -1.7717e+26
100.6	  -1.77523e+26
100.7	  -1.77876e+26
100.8	  -1.78229e+26
100.9	  -1.78583e+26
101	  -1.78937e+26
101.1	  -1.79291e+26
101.2	  -1.79646e+26
101.3	  -1.80002e+26
101.4	  -1.80357e+26
101.5	  -1.80713e+26
101.6	  -1.81069e+26
101.7	  -1.81426e+26
101.8	  -1.81783e+26
101.9	  -1.8214e+26
102	  -1.82498e+26
102.1	  -1.82856e+26
102.2	  -1.83214e+26
102.3	  -1.83573e+26
102.4	  -1.83932e+26
102.5	  -1.84291e+26
102.6	  -1.84651e+26
102.7	  -1.85011e+26
102.8	  -1.85372e+26
102.9	  -1.85732e+26
103	  -1.86093e+26
103.1	  -1.86455e+26
103.2	  -1.86817e+26
103.3	  -1.87179e+26
103.4	  -1.87542e+26
103.5	  -1.87905e+26
103.6	  -1.88268e+26
103.7	  -1.88631e+26
103.8	  -1.88995e+26
103.9	  -1.8936e+26
104	  -1.89724e+26
104.1	  -1.90089e+26
104.2	  -1.90455e+26
104.3	  -1.9082e+26
104.4	  -1.91187e+26
104.5	  -1.91553e+26
104.6	  -1.9192e+26
104.7	  -1.92287e+26
104.8	  -1.92654e+26
104.9	  -1.93022e+26
105	  -1.9339e+26
105.1	  -1.93759e+26
105.2	  -1.94128e+26
105.3	  -1.94497e+26
105.4	  -1.94867e+26
105.5	  -1.95236e+26
105.6	  -1.95607e+26
105.7	  -1.95977e+26
105.8	  -1.96348e+26
105.9	  -1.9672e+26
106	  -1.97091e+26
106.1	  -1.97463e+26
106.2	  -1.97836e+26
106.3	  -1.98209e+26
106.4	  -1.98582e+26
106.5	  -1.98955e+26
106.6	  -1.99329e+26
106.7	  -1.99703e+26
106.8	  -2.00077e+26
106.9	  -2.00452e+26
107	  -2.00828e+26
107.1	  -2.01203e+26
107.2	  -2.01579e+26
107.3	  -2.01955e+26
107.4	  -2.02332e+26
107.5	  -2.02709e+26
107.6	  -2.03086e+26
107.7	  -2.03464e+26
107.8	  -2.03842e+26
107.9	  -2.0422e+26
108	  -2.04599e+26
108.1	  -2.04978e+26
108.2	  -2.05357e+26
108.3	  -2.05737e+26
108.4	  -2.06117e+26
108.5	  -2.06497e+26
108.6	  -2.06878e+26
108.7	  -2.07259e+26
108.8	  -2.07641e+26
108.9	  -2.08023e+26
109	  -2.08405e+26
109.1	  -2.08788e+26
109.2	  -2.0917e+26
109.3	  -2.09554e+26
109.4	  -2.09937e+26
109.5	  -2.10321e+26
109.6	  -2.10706e+26
109.7	  -2.1109e+26
109.8	  -2.11475e+26
109.9	  -2.11861e+26
110	  -2.12246e+26
110.1	  -2.12632e+26
110.2	  -2.13019e+26
110.3	  -2.13406e+26
110.4	  -2.13793e+26
110.5	  -2.1418e+26
110.6	  -2.14568e+26
110.7	  -2.14956e+26
110.8	  -2.15345e+26
110.9	  -2.15734e+26
111	  -2.16123e+26
111.1	  -2.16512e+26
111.2	  -2.16902e+26
111.3	  -2.17293e+26
111.4	  -2.17683e+26
111.5	  -2.18074e+26
111.6	  -2.18465e+26
111.7	  -2.18857e+26
111.8	  -2.19249e+26
111.9	  -2.19642e+26
112	  -2.20034e+26
112.1	  -2.20427e+26
112.2	  -2.20821e+26
112.3	  -2.21215e+26
112.4	  -2.21609e+26
112.5	  -2.22003e+26
112.6	  -2.22398e+26
112.7	  -2.22793e+26
112.8	  -2.23189e+26
112.9	  -2.23585e+26
113	  -2.23981e+26
113.1	  -2.24377e+26
113.2	  -2.24774e+26
113.3	  -2.25172e+26
113.4	  -2.25569e+26
113.5	  -2.25967e+26
113.6	  -2.26366e+26
113.7	  -2.26764e+26
113.8	  -2.27163e+26
113.9	  -2.27563e+26
114	  -2.27963e+26
114.1	  -2.28363e+26
114.2	  -2.28763e+26
114.3	  -2.29164e+26
114.4	  -2.29565e+26
114.5	  -2.29967e+26
114.6	  -2.30368e+26
114.7	  -2.30771e+26
114.8	  -2.31173e+26
114.9	  -2.31576e+26
115	  -2.31979e+26
115.1	  -2.32383e+26
115.2	  -2.32787e+26
115.3	  -2.33191e+26
115.4	  -2.33596e+26
115.5	  -2.34001e+26
115.6	  -2.34406e+26
115.7	  -2.34812e+26
115.8	  -2.35218e+26
115.9	  -2.35624e+26
116	  -2.36031e+26
116.1	  -2.36438e+26
116.2	  -2.36846e+26
116.3	  -2.37254e+26
116.4	  -2.37662e+26
116.5	  -2.3807e+26
116.6	  -2.38479e+26
116.7	  -2.38888e+26
116.8	  -2.39298e+26
116.9	  -2.39708e+26
117	  -2.40118e+26
117.1	  -2.40529e+26
117.2	  -2.4094e+26
117.3	  -2.41351e+26
117.4	  -2.41763e+26
117.5	  -2.42175e+26
117.6	  -2.42587e+26
117.7	  -2.43e+26
117.8	  -2.43413e+26
117.9	  -2.43826e+26
118	  -2.4424e+26
118.1	  -2.44654e+26
118.2	  -2.45069e+26
118.3	  -2.45484e+26
118.4	  -2.45899e+26
118.5	  -2.46314e+26
118.6	  -2.4673e+26
118.7	  -2.47146e+26
118.8	  -2.47563e+26
118.9	  -2.4798e+26
119	  -2.48397e+26
119.1	  -2.48815e+26
119.2	  -2.49233e+26
119.3	  -2.49651e+26
119.4	  -2.5007e+26
119.5	  -2.50489e+26
119.6	  -2.50908e+26
119.7	  -2.51328e+26
119.8	  -2.51748e+26
119.9	  -2.52169e+26
120	  -2.52589e+26
120.1	  -2.5301e+26
120.2	  -2.53432e+26
120.3	  -2.53854e+26
120.4	  -2.54276e+26
120.5	  -2.54699e+26
120.6	  -2.55121e+26
120.7	  -2.55545e+26
120.8	  -2.55968e+26
120.9	  -2.56392e+26
121	  -2.56817e+26
121.1	  -2.57241e+26
121.2	  -2.57666e+26
121.3	  -2.58092e+26
121.4	  -2.58517e+26
121.5	  -2.58943e+26
121.6	  -2.5937e+26
121.7	  -2.59797e+26
121.8	  -2.60224e+26
121.9	  -2.60651e+26
122	  -2.61079e+26
122.1	  -2.61507e+26
122.2	  -2.61936e+26
122.3	  -2.62364e+26
122.4	  -2.62794e+26
122.5	  -2.63223e+26
122.6	  -2.63653e+26
122.7	  -2.64083e+26
122.8	  -2.64514e+26
122.9	  -2.64945e+26
123	  -2.65376e+26
123.1	  -2.65808e+26
123.2	  -2.6624e+26
123.3	  -2.66672e+26
123.4	  -2.67105e+26
123.5	  -2.67538e+26
123.6	  -2.67972e+26
123.7	  -2.68405e+26
123.8	  -2.68839e+26
123.9	  -2.69274e+26
124	  -2.69709e+26
124.1	  -2.70144e+26
124.2	  -2.70579e+26
124.3	  -2.71015e+26
124.4	  -2.71452e+26
124.5	  -2.71888e+26
124.6	  -2.72325e+26
124.7	  -2.72762e+26
124.8	  -2.732e+26
124.9	  -2.73638e+26
125	  -2.74076e+26
125.1	  -2.74515e+26
125.2	  -2.74954e+26
125.3	  -2.75393e+26
125.4	  -2.75833e+26
125.5	  -2.76273e+26
125.6	  -2.76714e+26
125.7	  -2.77155e+26
125.8	  -2.77596e+26
125.9	  -2.78037e+26
126	  -2.78479e+26
126.1	  -2.78921e+26
126.2	  -2.79364e+26
126.3	  -2.79807e+26
126.4	  -2.8025e+26
126.5	  -2.80693e+26
126.6	  -2.81137e+26
126.7	  -2.81582e+26
126.8	  -2.82026e+26
126.9	  -2.82471e+26
127	  -2.82917e+26
127.1	  -2.83362e+26
127.2	  -2.83808e+26
127.3	  -2.84255e+26
127.4	  -2.84702e+26
127.5	  -2.85149e+26
127.6	  -2.85596e+26
127.7	  -2.86044e+26
127.8	  -2.86492e+26
127.9	  -2.86941e+26
128	  -2.87389e+26
128.1	  -2.87839e+26
128.2	  -2.88288e+26
128.3	  -2.88738e+26
128.4	  -2.89188e+26
128.5	  -2.89639e+26
128.6	  -2.9009e+26
128.7	  -2.90541e+26
128.8	  -2.90993e+26
128.9	  -2.91445e+26
129	  -2.91897e+26
129.1	  -2.9235e+26
129.2	  -2.92803e+26
129.3	  -2.93257e+26
129.4	  -2.9371e+26
129.5	  -2.94164e+26
129.6	  -2.94619e+26
129.7	  -2.95074e+26
129.8	  -2.95529e+26
129.9	  -2.95984e+26
130	  -2.9644e+26
130.1	  -2.96897e+26
130.2	  -2.97353e+26
130.3	  -2.9781e+26
130.4	  -2.98267e+26
130.5	  -2.98725e+26
130.6	  -2.99183e+26
130.7	  -2.99641e+26
130.8	  -3.001e+26
130.9	  -3.00559e+26
131	  -3.01018e+26
131.1	  -3.01478e+26
131.2	  -3.01938e+26
131.3	  -3.02399e+26
131.4	  -3.02859e+26
131.5	  -3.03321e+26
131.6	  -3.03782e+26
131.7	  -3.04244e+26
131.8	  -3.04706e+26
131.9	  -3.05169e+26
132	  -3.05631e+26
132.1	  -3.06095e+26
132.2	  -3.06558e+26
132.3	  -3.07022e+26
132.4	  -3.07487e+26
132.5	  -3.07951e+26
132.6	  -3.08416e+26
132.7	  -3.08882e+26
132.8	  -3.09347e+26
132.9	  -3.09813e+26
133	  -3.1028e+26
133.1	  -3.10746e+26
133.2	  -3.11214e+26
133.3	  -3.11681e+26
133.4	  -3.12149e+26
133.5	  -3.12617e+26
133.6	  -3.13085e+26
133.7	  -3.13554e+26
133.8	  -3.14023e+26
133.9	  -3.14493e+26
134	  -3.14963e+26
134.1	  -3.15433e+26
134.2	  -3.15904e+26
134.3	  -3.16375e+26
134.4	  -3.16846e+26
134.5	  -3.17318e+26
134.6	  -3.1779e+26
134.7	  -3.18262e+26
134.8	  -3.18735e+26
134.9	  -3.19208e+26
135	  -3.19681e+26
135.1	  -3.20155e+26
135.2	  -3.20629e+26
135.3	  -3.21104e+26
135.4	  -3.21578e+26
135.5	  -3.22054e+26
135.6	  -3.22529e+26
135.7	  -3.23005e+26
135.8	  -3.23481e+26
135.9	  -3.23958e+26
136	  -3.24435e+26
136.1	  -3.24912e+26
136.2	  -3.2539e+26
136.3	  -3.25868e+26
136.4	  -3.26346e+26
136.5	  -3.26825e+26
136.6	  -3.27304e+26
136.7	  -3.27783e+26
136.8	  -3.28263e+26
136.9	  -3.28743e+26
137	  -3.29223e+26
137.1	  -3.29704e+26
137.2	  -3.30185e+26
137.3	  -3.30667e+26
137.4	  -3.31148e+26
137.5	  -3.31631e+26
137.6	  -3.32113e+26
137.7	  -3.32596e+26
137.8	  -3.33079e+26
137.9	  -3.33563e+26
138	  -3.34047e+26
138.1	  -3.34531e+26
138.2	  -3.35016e+26
138.3	  -3.35501e+26
138.4	  -3.35986e+26
138.5	  -3.36472e+26
138.6	  -3.36958e+26
138.7	  -3.37444e+26
138.8	  -3.37931e+26
138.9	  -3.38418e+26
139	  -3.38906e+26
139.1	  -3.39393e+26
139.2	  -3.39881e+26
139.3	  -3.4037e+26
139.4	  -3.40859e+26
139.5	  -3.41348e+26
139.6	  -3.41838e+26
139.7	  -3.42327e+26
139.8	  -3.42818e+26
139.9	  -3.43308e+26
140	  -3.43799e+26
140.1	  -3.44291e+26
140.2	  -3.44782e+26
140.3	  -3.45274e+26
140.4	  -3.45767e+26
140.5	  -3.46259e+26
140.6	  -3.46752e+26
140.7	  -3.47246e+26
140.8	  -3.4774e+26
140.9	  -3.48234e+26
141	  -3.48728e+26
141.1	  -3.49223e+26
141.2	  -3.49718e+26
141.3	  -3.50214e+26
141.4	  -3.50709e+26
141.5	  -3.51206e+26
141.6	  -3.51702e+26
141.7	  -3.52199e+26
141.8	  -3.52696e+26
141.9	  -3.53194e+26
142	  -3.53692e+26
142.1	  -3.5419e+26
142.2	  -3.54689e+26
142.3	  -3.55188e+26
142.4	  -3.55687e+26
142.5	  -3.56187e+26
142.6	  -3.56687e+26
142.7	  -3.57188e+26
142.8	  -3.57688e+26
142.9	  -3.5819e+26
143	  -3.58691e+26
143.1	  -3.59193e+26
143.2	  -3.59695e+26
143.3	  -3.60198e+26
143.4	  -3.607e+26
143.5	  -3.61204e+26
143.6	  -3.61707e+26
143.7	  -3.62211e+26
143.8	  -3.62715e+26
143.9	  -3.6322e+26
144	  -3.63725e+26
144.1	  -3.6423e+26
144.2	  -3.64736e+26
144.3	  -3.65242e+26
144.4	  -3.65749e+26
144.5	  -3.66255e+26
144.6	  -3.66762e+26
144.7	  -3.6727e+26
144.8	  -3.67778e+26
144.9	  -3.68286e+26
145	  -3.68794e+26
145.1	  -3.69303e+26
145.2	  -3.69812e+26
145.3	  -3.70322e+26
145.4	  -3.70832e+26
145.5	  -3.71342e+26
145.6	  -3.71853e+26
145.7	  -3.72364e+26
145.8	  -3.72875e+26
145.9	  -3.73386e+26
146	  -3.73898e+26
146.1	  -3.74411e+26
146.2	  -3.74924e+26
146.3	  -3.75437e+26
146.4	  -3.7595e+26
146.5	  -3.76464e+26
146.6	  -3.76978e+26
146.7	  -3.77492e+26
146.8	  -3.78007e+26
146.9	  -3.78522e+26
147	  -3.79038e+26
147.1	  -3.79554e+26
147.2	  -3.8007e+26
147.3	  -3.80586e+26
147.4	  -3.81103e+26
147.5	  -3.81621e+26
147.6	  -3.82138e+26
147.7	  -3.82656e+26
147.8	  -3.83175e+26
147.9	  -3.83693e+26
148	  -3.84212e+26
148.1	  -3.84732e+26
148.2	  -3.85251e+26
148.3	  -3.85771e+26
148.4	  -3.86292e+26
148.5	  -3.86813e+26
148.6	  -3.87334e+26
148.7	  -3.87855e+26
148.8	  -3.88377e+26
148.9	  -3.88899e+26
149	  -3.89422e+26
149.1	  -3.89945e+26
149.2	  -3.90468e+26
149.3	  -3.90991e+26
149.4	  -3.91515e+26
149.5	  -3.9204e+26
149.6	  -3.92564e+26
149.7	  -3.93089e+26
149.8	  -3.93615e+26
149.9	  -3.9414e+26
150	  -3.94666e+26
150.1	  -3.95193e+26
150.2	  -3.95719e+26
150.3	  -3.96246e+26
150.4	  -3.96774e+26
150.5	  -3.97302e+26
150.6	  -3.9783e+26
150.7	  -3.98358e+26
150.8	  -3.98887e+26
150.9	  -3.99416e+26
151	  -3.99946e+26
151.1	  -4.00476e+26
151.2	  -4.01006e+26
151.3	  -4.01537e+26
151.4	  -4.02068e+26
151.5	  -4.02599e+26
151.6	  -4.0313e+26
151.7	  -4.03662e+26
151.8	  -4.04195e+26
151.9	  -4.04728e+26
152	  -4.05261e+26
152.1	  -4.05794e+26
152.2	  -4.06328e+26
152.3	  -4.06862e+26
152.4	  -4.07396e+26
152.5	  -4.07931e+26
152.6	  -4.08466e+26
152.7	  -4.09002e+26
152.8	  -4.09538e+26
152.9	  -4.10074e+26
153	  -4.1061e+26
153.1	  -4.11147e+26
153.2	  -4.11685e+26
153.3	  -4.12222e+26
153.4	  -4.1276e+26
153.5	  -4.13298e+26
153.6	  -4.13837e+26
153.7	  -4.14376e+26
153.8	  -4.14915e+26
153.9	  -4.15455e+26
154	  -4.15995e+26
154.1	  -4.16536e+26
154.2	  -4.17076e+26
154.3	  -4.17618e+26
154.4	  -4.18159e+26
154.5	  -4.18701e+26
154.6	  -4.19243e+26
154.7	  -4.19786e+26
154.8	  -4.20328e+26
154.9	  -4.20872e+26
155	  -4.21415e+26
155.1	  -4.21959e+26
155.2	  -4.22503e+26
155.3	  -4.23048e+26
155.4	  -4.23593e+26
155.5	  -4.24138e+26
155.6	  -4.24684e+26
155.7	  -4.2523e+26
155.8	  -4.25776e+26
155.9	  -4.26323e+26
156	  -4.2687e+26
156.1	  -4.27418e+26
156.2	  -4.27965e+26
156.3	  -4.28514e+26
156.4	  -4.29062e+26
156.5	  -4.29611e+26
156.6	  -4.3016e+26
156.7	  -4.3071e+26
156.8	  -4.3126e+26
156.9	  -4.3181e+26
157	  -4.3236e+26
157.1	  -4.32911e+26
157.2	  -4.33463e+26
157.3	  -4.34014e+26
157.4	  -4.34566e+26
157.5	  -4.35119e+26
157.6	  -4.35671e+26
157.7	  -4.36224e+26
157.8	  -4.36778e+26
157.9	  -4.37331e+26
158	  -4.37886e+26
158.1	  -4.3844e+26
158.2	  -4.38995e+26
158.3	  -4.3955e+26
158.4	  -4.40105e+26
158.5	  -4.40661e+26
158.6	  -4.41217e+26
158.7	  -4.41774e+26
158.8	  -4.42331e+26
158.9	  -4.42888e+26
159	  -4.43446e+26
159.1	  -4.44004e+26
159.2	  -4.44562e+26
159.3	  -4.45121e+26
159.4	  -4.4568e+26
159.5	  -4.46239e+26
159.6	  -4.46799e+26
159.7	  -4.47359e+26
159.8	  -4.47919e+26
159.9	  -4.4848e+26
160	  -4.49041e+26
160.1	  -4.49603e+26
160.2	  -4.50164e+26
160.3	  -4.50727e+26
160.4	  -4.51289e+26
160.5	  -4.51852e+26
160.6	  -4.52415e+26
160.7	  -4.52979e+26
160.8	  -4.53543e+26
160.9	  -4.54107e+26
161	  -4.54672e+26
161.1	  -4.55237e+26
161.2	  -4.55802e+26
161.3	  -4.56368e+26
161.4	  -4.56934e+26
161.5	  -4.575e+26
161.6	  -4.58067e+26
161.7	  -4.58634e+26
161.8	  -4.59201e+26
161.9	  -4.59769e+26
162	  -4.60337e+26
162.1	  -4.60906e+26
162.2	  -4.61474e+26
162.3	  -4.62044e+26
162.4	  -4.62613e+26
162.5	  -4.63183e+26
162.6	  -4.63753e+26
162.7	  -4.64324e+26
162.8	  -4.64895e+26
162.9	  -4.65466e+26
163	  -4.66038e+26
163.1	  -4.6661e+26
163.2	  -4.67182e+26
163.3	  -4.67755e+26
163.4	  -4.68328e+26
163.5	  -4.68901e+26
163.6	  -4.69475e+26
163.7	  -4.70049e+26
163.8	  -4.70623e+26
163.9	  -4.71198e+26
164	  -4.71773e+26
164.1	  -4.72349e+26
164.2	  -4.72925e+26
164.3	  -4.73501e+26
164.4	  -4.74077e+26
164.5	  -4.74654e+26
164.6	  -4.75232e+26
164.7	  -4.75809e+26
164.8	  -4.76387e+26
164.9	  -4.76965e+26
165	  -4.77544e+26
165.1	  -4.78123e+26
165.2	  -4.78702e+26
165.3	  -4.79282e+26
165.4	  -4.79862e+26
165.5	  -4.80443e+26
165.6	  -4.81023e+26
165.7	  -4.81604e+26
165.8	  -4.82186e+26
165.9	  -4.82768e+26
166	  -4.8335e+26
166.1	  -4.83932e+26
166.2	  -4.84515e+26
166.3	  -4.85099e+26
166.4	  -4.85682e+26
166.5	  -4.86266e+26
166.6	  -4.8685e+26
166.7	  -4.87435e+26
166.8	  -4.8802e+26
166.9	  -4.88605e+26
167	  -4.89191e+26
167.1	  -4.89777e+26
167.2	  -4.90363e+26
167.3	  -4.9095e+26
167.4	  -4.91537e+26
167.5	  -4.92124e+26
167.6	  -4.92712e+26
167.7	  -4.933e+26
167.8	  -4.93889e+26
167.9	  -4.94478e+26
168	  -4.95067e+26
168.1	  -4.95656e+26
168.2	  -4.96246e+26
168.3	  -4.96836e+26
168.4	  -4.97427e+26
168.5	  -4.98018e+26
168.6	  -4.98609e+26
168.7	  -4.99201e+26
168.8	  -4.99793e+26
168.9	  -5.00385e+26
169	  -5.00978e+26
169.1	  -5.01571e+26
169.2	  -5.02164e+26
169.3	  -5.02758e+26
169.4	  -5.03352e+26
169.5	  -5.03947e+26
169.6	  -5.04541e+26
169.7	  -5.05137e+26
169.8	  -5.05732e+26
169.9	  -5.06328e+26
170	  -5.06924e+26
