1	 -35.3
1.1	 -34.1352
1.2	 -33.2399
1.3	 -32.5801
1.4	 -32.1242
1.5	 -31.843
1.6	 -31.7097
1.7	 -31.7
1.8	 -31.7916
1.9	 -31.9643
2	 -32.2
2.1	 -32.4825
2.2	 -32.7975
2.3	 -33.1324
2.4	 -33.4762
2.5	 -33.8195
2.6	 -34.1545
2.7	 -34.4747
2.8	 -34.7748
2.9	 -35.0508
3	 -35.3
3.1	 -35.5204
3.2	 -35.7111
3.3	 -35.8722
3.4	 -36.0042
3.5	 -36.1086
3.6	 -36.1873
3.7	 -36.2428
3.8	 -36.278
3.9	 -36.2959
4	 -36.3
4.1	 -36.2938
4.2	 -36.2807
4.3	 -36.2644
4.4	 -36.2482
4.5	 -36.2352
4.6	 -36.2281
4.7	 -36.2295
4.8	 -36.2412
4.9	 -36.2645
5	 -36.3
5.1	 -36.3476
5.2	 -36.4063
5.3	 -36.4742
5.4	 -36.5482
5.5	 -36.6242
5.6	 -36.6969
5.7	 -36.7597
5.8	 -36.8044
5.9	 -36.8215
6	 -36.8
