0	  -1.01832e+14
0.1	  -1.95994e+16
0.2	  -7.54575e+16
0.3	  -1.67676e+17
0.4	  -2.96255e+17
0.5	  -4.61194e+17
0.6	  -6.62493e+17
0.7	  -9.00153e+17
0.8	  -1.17417e+18
0.9	  -1.48455e+18
1	  -1.8313e+18
1.1	  -2.2144e+18
1.2	  -2.63386e+18
1.3	  -3.08968e+18
1.4	  -3.58186e+18
1.5	  -4.11041e+18
1.6	  -4.67531e+18
1.7	  -5.27657e+18
1.8	  -5.9142e+18
1.9	  -6.58818e+18
2	  -7.29853e+18
2.1	  -8.04523e+18
2.2	  -8.8283e+18
2.3	  -9.64772e+18
2.4	  -1.05035e+19
2.5	  -1.13957e+19
2.6	  -1.23242e+19
2.7	  -1.3289e+19
2.8	  -1.42903e+19
2.9	  -1.53278e+19
3	  -1.64018e+19
3.1	  -1.75121e+19
3.2	  -1.86588e+19
3.3	  -1.98418e+19
3.4	  -2.10612e+19
3.5	  -2.23169e+19
3.6	  -2.36091e+19
3.7	  -2.49375e+19
3.8	  -2.63024e+19
3.9	  -2.77036e+19
4	  -2.91411e+19
4.1	  -3.0615e+19
4.2	  -3.21253e+19
4.3	  -3.36719e+19
4.4	  -3.52549e+19
4.5	  -3.68743e+19
4.6	  -3.853e+19
4.7	  -4.02221e+19
4.8	  -4.19505e+19
4.9	  -4.37153e+19
5	  -4.55165e+19
5.1	  -4.7354e+19
5.2	  -4.92278e+19
5.3	  -5.11381e+19
5.4	  -5.30847e+19
5.5	  -5.50676e+19
5.6	  -5.7087e+19
5.7	  -5.91426e+19
5.8	  -6.12347e+19
5.9	  -6.33631e+19
6	  -6.55278e+19
6.1	  -6.7729e+19
6.2	  -6.99664e+19
6.3	  -7.22403e+19
6.4	  -7.45505e+19
6.5	  -7.6897e+19
6.6	  -7.928e+19
6.7	  -8.16993e+19
6.8	  -8.41549e+19
6.9	  -8.66469e+19
7	  -8.91753e+19
7.1	  -9.174e+19
7.2	  -9.43411e+19
7.3	  -9.69785e+19
7.4	  -9.96523e+19
7.5	  -1.02362e+20
7.6	  -1.05109e+20
7.7	  -1.07892e+20
7.8	  -1.10711e+20
7.9	  -1.13567e+20
8	  -1.16459e+20
8.1	  -1.19387e+20
8.2	  -1.22352e+20
8.3	  -1.25353e+20
8.4	  -1.2839e+20
8.5	  -1.31464e+20
8.6	  -1.34574e+20
8.7	  -1.37721e+20
8.8	  -1.40903e+20
8.9	  -1.44123e+20
9	  -1.47378e+20
9.1	  -1.5067e+20
9.2	  -1.53998e+20
9.3	  -1.57363e+20
9.4	  -1.60764e+20
9.5	  -1.64201e+20
9.6	  -1.67675e+20
9.7	  -1.71185e+20
9.8	  -1.74732e+20
9.9	  -1.78315e+20
10	  -1.81934e+20
10.1	  -1.85589e+20
10.2	  -1.89281e+20
10.3	  -1.93009e+20
10.4	  -1.96774e+20
10.5	  -2.00575e+20
10.6	  -2.04412e+20
10.7	  -2.08286e+20
10.8	  -2.12196e+20
10.9	  -2.16143e+20
11	  -2.20125e+20
11.1	  -2.24144e+20
11.2	  -2.282e+20
11.3	  -2.32292e+20
11.4	  -2.3642e+20
11.5	  -2.40585e+20
11.6	  -2.44786e+20
11.7	  -2.49023e+20
11.8	  -2.53297e+20
11.9	  -2.57607e+20
12	  -2.61953e+20
12.1	  -2.66336e+20
12.2	  -2.70755e+20
12.3	  -2.7521e+20
12.4	  -2.79702e+20
12.5	  -2.8423e+20
12.6	  -2.88795e+20
12.7	  -2.93396e+20
12.8	  -2.98033e+20
12.9	  -3.02707e+20
13	  -3.07417e+20
13.1	  -3.12163e+20
13.2	  -3.16946e+20
13.3	  -3.21765e+20
13.4	  -3.2662e+20
13.5	  -3.31512e+20
13.6	  -3.3644e+20
13.7	  -3.41405e+20
13.8	  -3.46405e+20
13.9	  -3.51443e+20
14	  -3.56516e+20
14.1	  -3.61626e+20
14.2	  -3.66773e+20
14.3	  -3.71955e+20
14.4	  -3.77174e+20
14.5	  -3.8243e+20
14.6	  -3.87721e+20
14.7	  -3.9305e+20
14.8	  -3.98414e+20
14.9	  -4.03815e+20
15	  -4.09252e+20
15.1	  -4.14726e+20
15.2	  -4.20236e+20
15.3	  -4.25782e+20
15.4	  -4.31364e+20
15.5	  -4.36983e+20
15.6	  -4.42639e+20
15.7	  -4.4833e+20
15.8	  -4.54059e+20
15.9	  -4.59823e+20
16	  -4.65624e+20
16.1	  -4.71461e+20
16.2	  -4.77334e+20
16.3	  -4.83244e+20
16.4	  -4.89191e+20
16.5	  -4.95173e+20
16.6	  -5.01192e+20
16.7	  -5.07247e+20
16.8	  -5.13339e+20
16.9	  -5.19467e+20
17	  -5.25632e+20
17.1	  -5.31832e+20
17.2	  -5.3807e+20
17.3	  -5.44343e+20
17.4	  -5.50653e+20
17.5	  -5.56999e+20
17.6	  -5.63382e+20
17.7	  -5.69801e+20
17.8	  -5.76256e+20
17.9	  -5.82747e+20
18	  -5.89275e+20
18.1	  -5.9584e+20
18.2	  -6.02441e+20
18.3	  -6.09078e+20
18.4	  -6.15751e+20
18.5	  -6.22461e+20
18.6	  -6.29207e+20
18.7	  -6.3599e+20
18.8	  -6.42808e+20
18.9	  -6.49664e+20
19	  -6.56555e+20
19.1	  -6.63483e+20
19.2	  -6.70448e+20
19.3	  -6.77448e+20
19.4	  -6.84485e+20
19.5	  -6.91559e+20
19.6	  -6.98669e+20
19.7	  -7.05815e+20
19.8	  -7.12997e+20
19.9	  -7.20216e+20
20	  -7.27471e+20
20.1	  -7.34763e+20
20.2	  -7.42091e+20
20.3	  -7.49455e+20
20.4	  -7.56856e+20
20.5	  -7.64293e+20
20.6	  -7.71766e+20
20.7	  -7.79276e+20
20.8	  -7.86822e+20
20.9	  -7.94404e+20
21	  -8.02023e+20
21.1	  -8.09678e+20
21.2	  -8.1737e+20
21.3	  -8.25098e+20
21.4	  -8.32862e+20
21.5	  -8.40663e+20
21.6	  -8.485e+20
21.7	  -8.56373e+20
21.8	  -8.64283e+20
21.9	  -8.72229e+20
22	  -8.80211e+20
22.1	  -8.8823e+20
22.2	  -8.96285e+20
22.3	  -9.04377e+20
22.4	  -9.12505e+20
22.5	  -9.20669e+20
22.6	  -9.28869e+20
22.7	  -9.37106e+20
22.8	  -9.4538e+20
22.9	  -9.53689e+20
23	  -9.62035e+20
23.1	  -9.70418e+20
23.2	  -9.78836e+20
23.3	  -9.87292e+20
23.4	  -9.95783e+20
23.5	  -1.00431e+21
23.6	  -1.01288e+21
23.7	  -1.02148e+21
23.8	  -1.03011e+21
23.9	  -1.03879e+21
24	  -1.0475e+21
24.1	  -1.05624e+21
24.2	  -1.06502e+21
24.3	  -1.07384e+21
24.4	  -1.0827e+21
24.5	  -1.09159e+21
24.6	  -1.10052e+21
24.7	  -1.10948e+21
24.8	  -1.11848e+21
24.9	  -1.12752e+21
25	  -1.13659e+21
25.1	  -1.1457e+21
25.2	  -1.15485e+21
25.3	  -1.16403e+21
25.4	  -1.17325e+21
25.5	  -1.1825e+21
25.6	  -1.19179e+21
25.7	  -1.20112e+21
25.8	  -1.21049e+21
25.9	  -1.21989e+21
26	  -1.22932e+21
26.1	  -1.2388e+21
26.2	  -1.24831e+21
26.3	  -1.25785e+21
26.4	  -1.26743e+21
26.5	  -1.27705e+21
26.6	  -1.28671e+21
26.7	  -1.2964e+21
26.8	  -1.30613e+21
26.9	  -1.31589e+21
27	  -1.32569e+21
27.1	  -1.33553e+21
27.2	  -1.3454e+21
27.3	  -1.35531e+21
27.4	  -1.36526e+21
27.5	  -1.37524e+21
27.6	  -1.38526e+21
27.7	  -1.39531e+21
27.8	  -1.4054e+21
27.9	  -1.41553e+21
28	  -1.4257e+21
28.1	  -1.4359e+21
28.2	  -1.44613e+21
28.3	  -1.45641e+21
28.4	  -1.46672e+21
28.5	  -1.47706e+21
28.6	  -1.48744e+21
28.7	  -1.49786e+21
28.8	  -1.50832e+21
28.9	  -1.51881e+21
29	  -1.52934e+21
29.1	  -1.5399e+21
29.2	  -1.5505e+21
29.3	  -1.56114e+21
29.4	  -1.57181e+21
29.5	  -1.58252e+21
29.6	  -1.59327e+21
29.7	  -1.60405e+21
29.8	  -1.61487e+21
29.9	  -1.62572e+21
30	  -1.63661e+21
30.1	  -1.64754e+21
30.2	  -1.6585e+21
30.3	  -1.6695e+21
30.4	  -1.68054e+21
30.5	  -1.69161e+21
30.6	  -1.70272e+21
30.7	  -1.71387e+21
30.8	  -1.72505e+21
30.9	  -1.73627e+21
31	  -1.74752e+21
31.1	  -1.75882e+21
31.2	  -1.77014e+21
31.3	  -1.78151e+21
31.4	  -1.79291e+21
31.5	  -1.80434e+21
31.6	  -1.81582e+21
31.7	  -1.82733e+21
31.8	  -1.83887e+21
31.9	  -1.85045e+21
32	  -1.86207e+21
32.1	  -1.87373e+21
32.2	  -1.88542e+21
32.3	  -1.89715e+21
32.4	  -1.90891e+21
32.5	  -1.92071e+21
32.6	  -1.93255e+21
32.7	  -1.94442e+21
32.8	  -1.95633e+21
32.9	  -1.96828e+21
33	  -1.98026e+21
33.1	  -1.99228e+21
33.2	  -2.00433e+21
33.3	  -2.01642e+21
33.4	  -2.02855e+21
33.5	  -2.04071e+21
33.6	  -2.05291e+21
33.7	  -2.06515e+21
33.8	  -2.07742e+21
33.9	  -2.08973e+21
34	  -2.10208e+21
34.1	  -2.11446e+21
34.2	  -2.12688e+21
34.3	  -2.13933e+21
34.4	  -2.15182e+21
34.5	  -2.16435e+21
34.6	  -2.17692e+21
34.7	  -2.18952e+21
34.8	  -2.20215e+21
34.9	  -2.21483e+21
35	  -2.22753e+21
35.1	  -2.24028e+21
35.2	  -2.25306e+21
35.3	  -2.26588e+21
35.4	  -2.27874e+21
35.5	  -2.29163e+21
35.6	  -2.30455e+21
35.7	  -2.31752e+21
35.8	  -2.33052e+21
35.9	  -2.34355e+21
36	  -2.35663e+21
36.1	  -2.36974e+21
36.2	  -2.38288e+21
36.3	  -2.39606e+21
36.4	  -2.40928e+21
36.5	  -2.42254e+21
36.6	  -2.43583e+21
36.7	  -2.44916e+21
36.8	  -2.46252e+21
36.9	  -2.47592e+21
37	  -2.48936e+21
37.1	  -2.50283e+21
37.2	  -2.51634e+21
37.3	  -2.52988e+21
37.4	  -2.54347e+21
37.5	  -2.55708e+21
37.6	  -2.57074e+21
37.7	  -2.58443e+21
37.8	  -2.59816e+21
37.9	  -2.61192e+21
38	  -2.62572e+21
38.1	  -2.63956e+21
38.2	  -2.65343e+21
38.3	  -2.66734e+21
38.4	  -2.68128e+21
38.5	  -2.69527e+21
38.6	  -2.70928e+21
38.7	  -2.72334e+21
38.8	  -2.73743e+21
38.9	  -2.75156e+21
39	  -2.76572e+21
39.1	  -2.77992e+21
39.2	  -2.79416e+21
39.3	  -2.80843e+21
39.4	  -2.82274e+21
39.5	  -2.83708e+21
39.6	  -2.85147e+21
39.7	  -2.86589e+21
39.8	  -2.88034e+21
39.9	  -2.89483e+21
40	  -2.90936e+21
40.1	  -2.92392e+21
40.2	  -2.93852e+21
40.3	  -2.95316e+21
40.4	  -2.96783e+21
40.5	  -2.98254e+21
40.6	  -2.99729e+21
40.7	  -3.01207e+21
40.8	  -3.02689e+21
40.9	  -3.04174e+21
41	  -3.05663e+21
41.1	  -3.07156e+21
41.2	  -3.08652e+21
41.3	  -3.10152e+21
41.4	  -3.11656e+21
41.5	  -3.13163e+21
41.6	  -3.14674e+21
41.7	  -3.16188e+21
41.8	  -3.17707e+21
41.9	  -3.19228e+21
42	  -3.20754e+21
42.1	  -3.22283e+21
42.2	  -3.23816e+21
42.3	  -3.25352e+21
42.4	  -3.26892e+21
42.5	  -3.28436e+21
42.6	  -3.29983e+21
42.7	  -3.31534e+21
42.8	  -3.33088e+21
42.9	  -3.34647e+21
43	  -3.36208e+21
43.1	  -3.37774e+21
43.2	  -3.39343e+21
43.3	  -3.40916e+21
43.4	  -3.42492e+21
43.5	  -3.44072e+21
43.6	  -3.45656e+21
43.7	  -3.47243e+21
43.8	  -3.48834e+21
43.9	  -3.50428e+21
44	  -3.52026e+21
44.1	  -3.53628e+21
44.2	  -3.55234e+21
44.3	  -3.56843e+21
44.4	  -3.58456e+21
44.5	  -3.60072e+21
44.6	  -3.61692e+21
44.7	  -3.63316e+21
44.8	  -3.64943e+21
44.9	  -3.66574e+21
45	  -3.68208e+21
45.1	  -3.69846e+21
45.2	  -3.71488e+21
45.3	  -3.73134e+21
45.4	  -3.74783e+21
45.5	  -3.76435e+21
45.6	  -3.78092e+21
45.7	  -3.79752e+21
45.8	  -3.81415e+21
45.9	  -3.83083e+21
46	  -3.84753e+21
46.1	  -3.86428e+21
46.2	  -3.88106e+21
46.3	  -3.89788e+21
46.4	  -3.91473e+21
46.5	  -3.93162e+21
46.6	  -3.94855e+21
46.7	  -3.96552e+21
46.8	  -3.98252e+21
46.9	  -3.99955e+21
47	  -4.01662e+21
47.1	  -4.03373e+21
47.2	  -4.05088e+21
47.3	  -4.06806e+21
47.4	  -4.08528e+21
47.5	  -4.10253e+21
47.6	  -4.11982e+21
47.7	  -4.13715e+21
47.8	  -4.15451e+21
47.9	  -4.17191e+21
48	  -4.18935e+21
48.1	  -4.20682e+21
48.2	  -4.22433e+21
48.3	  -4.24188e+21
48.4	  -4.25946e+21
48.5	  -4.27707e+21
48.6	  -4.29473e+21
48.7	  -4.31242e+21
48.8	  -4.33015e+21
48.9	  -4.34791e+21
49	  -4.36571e+21
49.1	  -4.38355e+21
49.2	  -4.40142e+21
49.3	  -4.41933e+21
49.4	  -4.43727e+21
49.5	  -4.45525e+21
49.6	  -4.47327e+21
49.7	  -4.49133e+21
49.8	  -4.50942e+21
49.9	  -4.52754e+21
50	  -4.54571e+21
50.1	  -4.56391e+21
50.2	  -4.58214e+21
50.3	  -4.60042e+21
50.4	  -4.61872e+21
50.5	  -4.63707e+21
50.6	  -4.65545e+21
50.7	  -4.67387e+21
50.8	  -4.69232e+21
50.9	  -4.71081e+21
51	  -4.72934e+21
51.1	  -4.7479e+21
51.2	  -4.7665e+21
51.3	  -4.78514e+21
51.4	  -4.80381e+21
51.5	  -4.82252e+21
51.6	  -4.84127e+21
51.7	  -4.86005e+21
51.8	  -4.87886e+21
51.9	  -4.89772e+21
52	  -4.91661e+21
52.1	  -4.93554e+21
52.2	  -4.9545e+21
52.3	  -4.9735e+21
52.4	  -4.99253e+21
52.5	  -5.01161e+21
52.6	  -5.03072e+21
52.7	  -5.04986e+21
52.8	  -5.06904e+21
52.9	  -5.08826e+21
53	  -5.10751e+21
53.1	  -5.1268e+21
53.2	  -5.14613e+21
53.3	  -5.16549e+21
53.4	  -5.18489e+21
53.5	  -5.20433e+21
53.6	  -5.2238e+21
53.7	  -5.24331e+21
53.8	  -5.26286e+21
53.9	  -5.28244e+21
54	  -5.30206e+21
54.1	  -5.32171e+21
54.2	  -5.3414e+21
54.3	  -5.36113e+21
54.4	  -5.38089e+21
54.5	  -5.40069e+21
54.6	  -5.42053e+21
54.7	  -5.4404e+21
54.8	  -5.46031e+21
54.9	  -5.48025e+21
55	  -5.50023e+21
55.1	  -5.52025e+21
55.2	  -5.5403e+21
55.3	  -5.5604e+21
55.4	  -5.58052e+21
55.5	  -5.60068e+21
55.6	  -5.62088e+21
55.7	  -5.64112e+21
55.8	  -5.66139e+21
55.9	  -5.6817e+21
56	  -5.70205e+21
56.1	  -5.72243e+21
56.2	  -5.74285e+21
56.3	  -5.7633e+21
56.4	  -5.78379e+21
56.5	  -5.80432e+21
56.6	  -5.82488e+21
56.7	  -5.84548e+21
56.8	  -5.86611e+21
56.9	  -5.88679e+21
57	  -5.9075e+21
57.1	  -5.92824e+21
57.2	  -5.94902e+21
57.3	  -5.96984e+21
57.4	  -5.99069e+21
57.5	  -6.01158e+21
57.6	  -6.03251e+21
57.7	  -6.05347e+21
57.8	  -6.07447e+21
57.9	  -6.09551e+21
58	  -6.11658e+21
58.1	  -6.13769e+21
58.2	  -6.15883e+21
58.3	  -6.18002e+21
58.4	  -6.20123e+21
58.5	  -6.22249e+21
58.6	  -6.24378e+21
58.7	  -6.2651e+21
58.8	  -6.28647e+21
58.9	  -6.30787e+21
59	  -6.3293e+21
59.1	  -6.35077e+21
59.2	  -6.37228e+21
59.3	  -6.39383e+21
59.4	  -6.41541e+21
59.5	  -6.43703e+21
59.6	  -6.45868e+21
59.7	  -6.48037e+21
59.8	  -6.5021e+21
59.9	  -6.52386e+21
60	  -6.54566e+21
60.1	  -6.5675e+21
60.2	  -6.58937e+21
60.3	  -6.61128e+21
60.4	  -6.63322e+21
60.5	  -6.6552e+21
60.6	  -6.67722e+21
60.7	  -6.69927e+21
60.8	  -6.72136e+21
60.9	  -6.74349e+21
61	  -6.76565e+21
61.1	  -6.78785e+21
61.2	  -6.81009e+21
61.3	  -6.83236e+21
61.4	  -6.85467e+21
61.5	  -6.87701e+21
61.6	  -6.89939e+21
61.7	  -6.92181e+21
61.8	  -6.94427e+21
61.9	  -6.96676e+21
62	  -6.98928e+21
62.1	  -7.01185e+21
62.2	  -7.03445e+21
62.3	  -7.05708e+21
62.4	  -7.07975e+21
62.5	  -7.10246e+21
62.6	  -7.12521e+21
62.7	  -7.14799e+21
62.8	  -7.1708e+21
62.9	  -7.19366e+21
63	  -7.21655e+21
63.1	  -7.23947e+21
63.2	  -7.26244e+21
63.3	  -7.28544e+21
63.4	  -7.30847e+21
63.5	  -7.33154e+21
63.6	  -7.35465e+21
63.7	  -7.3778e+21
63.8	  -7.40098e+21
63.9	  -7.4242e+21
64	  -7.44745e+21
64.1	  -7.47074e+21
64.2	  -7.49407e+21
64.3	  -7.51743e+21
64.4	  -7.54083e+21
64.5	  -7.56426e+21
64.6	  -7.58774e+21
64.7	  -7.61124e+21
64.8	  -7.63479e+21
64.9	  -7.65837e+21
65	  -7.68199e+21
65.1	  -7.70564e+21
65.2	  -7.72933e+21
65.3	  -7.75306e+21
65.4	  -7.77682e+21
65.5	  -7.80062e+21
65.6	  -7.82446e+21
65.7	  -7.84833e+21
65.8	  -7.87224e+21
65.9	  -7.89618e+21
66	  -7.92016e+21
66.1	  -7.94418e+21
66.2	  -7.96823e+21
66.3	  -7.99232e+21
66.4	  -8.01645e+21
66.5	  -8.04061e+21
66.6	  -8.06481e+21
66.7	  -8.08905e+21
66.8	  -8.11332e+21
66.9	  -8.13763e+21
67	  -8.16197e+21
67.1	  -8.18635e+21
67.2	  -8.21077e+21
67.3	  -8.23522e+21
67.4	  -8.25971e+21
67.5	  -8.28424e+21
67.6	  -8.3088e+21
67.7	  -8.3334e+21
67.8	  -8.35804e+21
67.9	  -8.38271e+21
68	  -8.40742e+21
68.1	  -8.43216e+21
68.2	  -8.45694e+21
68.3	  -8.48176e+21
68.4	  -8.50661e+21
68.5	  -8.5315e+21
68.6	  -8.55643e+21
68.7	  -8.58139e+21
68.8	  -8.60639e+21
68.9	  -8.63143e+21
69	  -8.6565e+21
69.1	  -8.68161e+21
69.2	  -8.70675e+21
69.3	  -8.73193e+21
69.4	  -8.75715e+21
69.5	  -8.7824e+21
69.6	  -8.80769e+21
69.7	  -8.83302e+21
69.8	  -8.85838e+21
69.9	  -8.88378e+21
70	  -8.90922e+21
70.1	  -8.93469e+21
70.2	  -8.9602e+21
70.3	  -8.98574e+21
70.4	  -9.01132e+21
70.5	  -9.03694e+21
70.6	  -9.06259e+21
70.7	  -9.08828e+21
70.8	  -9.11401e+21
70.9	  -9.13977e+21
71	  -9.16557e+21
71.1	  -9.19141e+21
71.2	  -9.21728e+21
71.3	  -9.24319e+21
71.4	  -9.26913e+21
71.5	  -9.29511e+21
71.6	  -9.32113e+21
71.7	  -9.34718e+21
71.8	  -9.37327e+21
71.9	  -9.3994e+21
72	  -9.42556e+21
72.1	  -9.45176e+21
72.2	  -9.47799e+21
72.3	  -9.50427e+21
72.4	  -9.53057e+21
72.5	  -9.55692e+21
72.6	  -9.5833e+21
72.7	  -9.60972e+21
72.8	  -9.63617e+21
72.9	  -9.66266e+21
73	  -9.68919e+21
73.1	  -9.71575e+21
73.2	  -9.74235e+21
73.3	  -9.76898e+21
73.4	  -9.79565e+21
73.5	  -9.82236e+21
73.6	  -9.84911e+21
73.7	  -9.87589e+21
73.8	  -9.9027e+21
73.9	  -9.92956e+21
74	  -9.95645e+21
74.1	  -9.98337e+21
74.2	  -1.00103e+22
74.3	  -1.00373e+22
74.4	  -1.00644e+22
74.5	  -1.00914e+22
74.6	  -1.01186e+22
74.7	  -1.01457e+22
74.8	  -1.01729e+22
74.9	  -1.02001e+22
75	  -1.02273e+22
75.1	  -1.02546e+22
75.2	  -1.0282e+22
75.3	  -1.03093e+22
75.4	  -1.03367e+22
75.5	  -1.03642e+22
75.6	  -1.03916e+22
75.7	  -1.04191e+22
75.8	  -1.04467e+22
75.9	  -1.04743e+22
76	  -1.05019e+22
76.1	  -1.05295e+22
76.2	  -1.05572e+22
76.3	  -1.05849e+22
76.4	  -1.06127e+22
76.5	  -1.06405e+22
76.6	  -1.06683e+22
76.7	  -1.06962e+22
76.8	  -1.07241e+22
76.9	  -1.07521e+22
77	  -1.07801e+22
77.1	  -1.08081e+22
77.2	  -1.08361e+22
77.3	  -1.08642e+22
77.4	  -1.08923e+22
77.5	  -1.09205e+22
77.6	  -1.09487e+22
77.7	  -1.09769e+22
77.8	  -1.10052e+22
77.9	  -1.10335e+22
78	  -1.10619e+22
78.1	  -1.10902e+22
78.2	  -1.11187e+22
78.3	  -1.11471e+22
78.4	  -1.11756e+22
78.5	  -1.12041e+22
78.6	  -1.12327e+22
78.7	  -1.12613e+22
78.8	  -1.12899e+22
78.9	  -1.13186e+22
79	  -1.13473e+22
79.1	  -1.1376e+22
79.2	  -1.14048e+22
79.3	  -1.14336e+22
79.4	  -1.14625e+22
79.5	  -1.14914e+22
79.6	  -1.15203e+22
79.7	  -1.15493e+22
79.8	  -1.15783e+22
79.9	  -1.16073e+22
80	  -1.16364e+22
80.1	  -1.16655e+22
80.2	  -1.16946e+22
80.3	  -1.17238e+22
80.4	  -1.1753e+22
80.5	  -1.17823e+22
80.6	  -1.18116e+22
80.7	  -1.18409e+22
80.8	  -1.18703e+22
80.9	  -1.18997e+22
81	  -1.19291e+22
81.1	  -1.19586e+22
81.2	  -1.19881e+22
81.3	  -1.20176e+22
81.4	  -1.20472e+22
81.5	  -1.20768e+22
81.6	  -1.21065e+22
81.7	  -1.21362e+22
81.8	  -1.21659e+22
81.9	  -1.21956e+22
82	  -1.22254e+22
82.1	  -1.22553e+22
82.2	  -1.22851e+22
82.3	  -1.23151e+22
82.4	  -1.2345e+22
82.5	  -1.2375e+22
82.6	  -1.2405e+22
82.7	  -1.24351e+22
82.8	  -1.24651e+22
82.9	  -1.24953e+22
83	  -1.25254e+22
83.1	  -1.25556e+22
83.2	  -1.25859e+22
83.3	  -1.26161e+22
83.4	  -1.26464e+22
83.5	  -1.26768e+22
83.6	  -1.27072e+22
83.7	  -1.27376e+22
83.8	  -1.2768e+22
83.9	  -1.27985e+22
84	  -1.28291e+22
84.1	  -1.28596e+22
84.2	  -1.28902e+22
84.3	  -1.29208e+22
84.4	  -1.29515e+22
84.5	  -1.29822e+22
84.6	  -1.3013e+22
84.7	  -1.30437e+22
84.8	  -1.30746e+22
84.9	  -1.31054e+22
85	  -1.31363e+22
85.1	  -1.31672e+22
85.2	  -1.31982e+22
85.3	  -1.32292e+22
85.4	  -1.32602e+22
85.5	  -1.32913e+22
85.6	  -1.33224e+22
85.7	  -1.33536e+22
85.8	  -1.33847e+22
85.9	  -1.3416e+22
86	  -1.34472e+22
86.1	  -1.34785e+22
86.2	  -1.35098e+22
86.3	  -1.35412e+22
86.4	  -1.35726e+22
86.5	  -1.3604e+22
86.6	  -1.36355e+22
86.7	  -1.3667e+22
86.8	  -1.36985e+22
86.9	  -1.37301e+22
87	  -1.37617e+22
87.1	  -1.37934e+22
87.2	  -1.38251e+22
87.3	  -1.38568e+22
87.4	  -1.38886e+22
87.5	  -1.39204e+22
87.6	  -1.39522e+22
87.7	  -1.39841e+22
87.8	  -1.4016e+22
87.9	  -1.40479e+22
88	  -1.40799e+22
88.1	  -1.41119e+22
88.2	  -1.4144e+22
88.3	  -1.41761e+22
88.4	  -1.42082e+22
88.5	  -1.42403e+22
88.6	  -1.42725e+22
88.7	  -1.43048e+22
88.8	  -1.43371e+22
88.9	  -1.43694e+22
89	  -1.44017e+22
89.1	  -1.44341e+22
89.2	  -1.44665e+22
89.3	  -1.4499e+22
89.4	  -1.45314e+22
89.5	  -1.4564e+22
89.6	  -1.45965e+22
89.7	  -1.46291e+22
89.8	  -1.46618e+22
89.9	  -1.46944e+22
90	  -1.47271e+22
90.1	  -1.47599e+22
90.2	  -1.47927e+22
90.3	  -1.48255e+22
90.4	  -1.48583e+22
90.5	  -1.48912e+22
90.6	  -1.49241e+22
90.7	  -1.49571e+22
90.8	  -1.49901e+22
90.9	  -1.50231e+22
91	  -1.50562e+22
91.1	  -1.50893e+22
91.2	  -1.51225e+22
91.3	  -1.51556e+22
91.4	  -1.51889e+22
91.5	  -1.52221e+22
91.6	  -1.52554e+22
91.7	  -1.52887e+22
91.8	  -1.53221e+22
91.9	  -1.53555e+22
92	  -1.53889e+22
92.1	  -1.54224e+22
92.2	  -1.54559e+22
92.3	  -1.54894e+22
92.4	  -1.5523e+22
92.5	  -1.55566e+22
92.6	  -1.55903e+22
92.7	  -1.5624e+22
92.8	  -1.56577e+22
92.9	  -1.56915e+22
93	  -1.57253e+22
93.1	  -1.57591e+22
93.2	  -1.5793e+22
93.3	  -1.58269e+22
93.4	  -1.58608e+22
93.5	  -1.58948e+22
93.6	  -1.59288e+22
93.7	  -1.59629e+22
93.8	  -1.5997e+22
93.9	  -1.60311e+22
94	  -1.60653e+22
94.1	  -1.60995e+22
94.2	  -1.61337e+22
94.3	  -1.6168e+22
94.4	  -1.62023e+22
94.5	  -1.62366e+22
94.6	  -1.6271e+22
94.7	  -1.63054e+22
94.8	  -1.63399e+22
94.9	  -1.63743e+22
95	  -1.64089e+22
95.1	  -1.64434e+22
95.2	  -1.6478e+22
95.3	  -1.65127e+22
95.4	  -1.65473e+22
95.5	  -1.6582e+22
95.6	  -1.66168e+22
95.7	  -1.66516e+22
95.8	  -1.66864e+22
95.9	  -1.67212e+22
96	  -1.67561e+22
96.1	  -1.67911e+22
96.2	  -1.6826e+22
96.3	  -1.6861e+22
96.4	  -1.68961e+22
96.5	  -1.69311e+22
96.6	  -1.69662e+22
96.7	  -1.70014e+22
96.8	  -1.70366e+22
96.9	  -1.70718e+22
97	  -1.7107e+22
97.1	  -1.71423e+22
97.2	  -1.71776e+22
97.3	  -1.7213e+22
97.4	  -1.72484e+22
97.5	  -1.72838e+22
97.6	  -1.73193e+22
97.7	  -1.73548e+22
97.8	  -1.73904e+22
97.9	  -1.74259e+22
98	  -1.74615e+22
98.1	  -1.74972e+22
98.2	  -1.75329e+22
98.3	  -1.75686e+22
98.4	  -1.76044e+22
98.5	  -1.76402e+22
98.6	  -1.7676e+22
98.7	  -1.77119e+22
98.8	  -1.77478e+22
98.9	  -1.77837e+22
99	  -1.78197e+22
99.1	  -1.78557e+22
99.2	  -1.78918e+22
99.3	  -1.79279e+22
99.4	  -1.7964e+22
99.5	  -1.80002e+22
99.6	  -1.80364e+22
99.7	  -1.80726e+22
99.8	  -1.81089e+22
99.9	  -1.81452e+22
100	  -1.81815e+22
100.1	  -1.82179e+22
100.2	  -1.82543e+22
100.3	  -1.82908e+22
100.4	  -1.83272e+22
100.5	  -1.83638e+22
100.6	  -1.84003e+22
100.7	  -1.84369e+22
100.8	  -1.84736e+22
100.9	  -1.85102e+22
101	  -1.85469e+22
101.1	  -1.85837e+22
101.2	  -1.86205e+22
101.3	  -1.86573e+22
101.4	  -1.86941e+22
101.5	  -1.8731e+22
101.6	  -1.8768e+22
101.7	  -1.88049e+22
101.8	  -1.88419e+22
101.9	  -1.88789e+22
102	  -1.8916e+22
102.1	  -1.89531e+22
102.2	  -1.89903e+22
102.3	  -1.90274e+22
102.4	  -1.90647e+22
102.5	  -1.91019e+22
102.6	  -1.91392e+22
102.7	  -1.91765e+22
102.8	  -1.92139e+22
102.9	  -1.92513e+22
103	  -1.92887e+22
103.1	  -1.93262e+22
103.2	  -1.93637e+22
103.3	  -1.94012e+22
103.4	  -1.94388e+22
103.5	  -1.94764e+22
103.6	  -1.95141e+22
103.7	  -1.95518e+22
103.8	  -1.95895e+22
103.9	  -1.96273e+22
104	  -1.96651e+22
104.1	  -1.97029e+22
104.2	  -1.97408e+22
104.3	  -1.97787e+22
104.4	  -1.98166e+22
104.5	  -1.98546e+22
104.6	  -1.98926e+22
104.7	  -1.99307e+22
104.8	  -1.99688e+22
104.9	  -2.00069e+22
105	  -2.0045e+22
105.1	  -2.00832e+22
105.2	  -2.01215e+22
105.3	  -2.01597e+22
105.4	  -2.01981e+22
105.5	  -2.02364e+22
105.6	  -2.02748e+22
105.7	  -2.03132e+22
105.8	  -2.03516e+22
105.9	  -2.03901e+22
106	  -2.04287e+22
106.1	  -2.04672e+22
106.2	  -2.05058e+22
106.3	  -2.05445e+22
106.4	  -2.05831e+22
106.5	  -2.06218e+22
106.6	  -2.06606e+22
106.7	  -2.06994e+22
106.8	  -2.07382e+22
106.9	  -2.0777e+22
107	  -2.08159e+22
107.1	  -2.08548e+22
107.2	  -2.08938e+22
107.3	  -2.09328e+22
107.4	  -2.09718e+22
107.5	  -2.10109e+22
107.6	  -2.105e+22
107.7	  -2.10892e+22
107.8	  -2.11283e+22
107.9	  -2.11675e+22
108	  -2.12068e+22
108.1	  -2.12461e+22
108.2	  -2.12854e+22
108.3	  -2.13248e+22
108.4	  -2.13642e+22
108.5	  -2.14036e+22
108.6	  -2.14431e+22
108.7	  -2.14826e+22
108.8	  -2.15221e+22
108.9	  -2.15617e+22
109	  -2.16013e+22
109.1	  -2.1641e+22
109.2	  -2.16807e+22
109.3	  -2.17204e+22
109.4	  -2.17601e+22
109.5	  -2.17999e+22
109.6	  -2.18398e+22
109.7	  -2.18797e+22
109.8	  -2.19196e+22
109.9	  -2.19595e+22
110	  -2.19995e+22
110.1	  -2.20395e+22
110.2	  -2.20796e+22
110.3	  -2.21196e+22
110.4	  -2.21598e+22
110.5	  -2.21999e+22
110.6	  -2.22401e+22
110.7	  -2.22804e+22
110.8	  -2.23206e+22
110.9	  -2.23609e+22
111	  -2.24013e+22
111.1	  -2.24417e+22
111.2	  -2.24821e+22
111.3	  -2.25225e+22
111.4	  -2.2563e+22
111.5	  -2.26035e+22
111.6	  -2.26441e+22
111.7	  -2.26847e+22
111.8	  -2.27253e+22
111.9	  -2.2766e+22
112	  -2.28067e+22
112.1	  -2.28475e+22
112.2	  -2.28882e+22
112.3	  -2.2929e+22
112.4	  -2.29699e+22
112.5	  -2.30108e+22
112.6	  -2.30517e+22
112.7	  -2.30927e+22
112.8	  -2.31337e+22
112.9	  -2.31747e+22
113	  -2.32158e+22
113.1	  -2.32569e+22
113.2	  -2.3298e+22
113.3	  -2.33392e+22
113.4	  -2.33804e+22
113.5	  -2.34217e+22
113.6	  -2.3463e+22
113.7	  -2.35043e+22
113.8	  -2.35456e+22
113.9	  -2.3587e+22
114	  -2.36285e+22
114.1	  -2.367e+22
114.2	  -2.37115e+22
114.3	  -2.3753e+22
114.4	  -2.37946e+22
114.5	  -2.38362e+22
114.6	  -2.38778e+22
114.7	  -2.39195e+22
114.8	  -2.39613e+22
114.9	  -2.4003e+22
115	  -2.40448e+22
115.1	  -2.40867e+22
115.2	  -2.41285e+22
115.3	  -2.41704e+22
115.4	  -2.42124e+22
115.5	  -2.42544e+22
115.6	  -2.42964e+22
115.7	  -2.43384e+22
115.8	  -2.43805e+22
115.9	  -2.44226e+22
116	  -2.44648e+22
116.1	  -2.4507e+22
116.2	  -2.45492e+22
116.3	  -2.45915e+22
116.4	  -2.46338e+22
116.5	  -2.46761e+22
116.6	  -2.47185e+22
116.7	  -2.47609e+22
116.8	  -2.48034e+22
116.9	  -2.48459e+22
117	  -2.48884e+22
117.1	  -2.4931e+22
117.2	  -2.49736e+22
117.3	  -2.50162e+22
117.4	  -2.50589e+22
117.5	  -2.51016e+22
117.6	  -2.51443e+22
117.7	  -2.51871e+22
117.8	  -2.52299e+22
117.9	  -2.52728e+22
118	  -2.53157e+22
118.1	  -2.53586e+22
118.2	  -2.54015e+22
118.3	  -2.54445e+22
118.4	  -2.54876e+22
118.5	  -2.55306e+22
118.6	  -2.55737e+22
118.7	  -2.56169e+22
118.8	  -2.56601e+22
118.9	  -2.57033e+22
119	  -2.57465e+22
119.1	  -2.57898e+22
119.2	  -2.58332e+22
119.3	  -2.58765e+22
119.4	  -2.59199e+22
119.5	  -2.59633e+22
119.6	  -2.60068e+22
119.7	  -2.60503e+22
119.8	  -2.60939e+22
119.9	  -2.61374e+22
120	  -2.61811e+22
120.1	  -2.62247e+22
120.2	  -2.62684e+22
120.3	  -2.63121e+22
120.4	  -2.63559e+22
120.5	  -2.63997e+22
120.6	  -2.64435e+22
120.7	  -2.64874e+22
120.8	  -2.65313e+22
120.9	  -2.65752e+22
121	  -2.66192e+22
121.1	  -2.66632e+22
121.2	  -2.67073e+22
121.3	  -2.67514e+22
121.4	  -2.67955e+22
121.5	  -2.68397e+22
121.6	  -2.68839e+22
121.7	  -2.69281e+22
121.8	  -2.69724e+22
121.9	  -2.70167e+22
122	  -2.7061e+22
122.1	  -2.71054e+22
122.2	  -2.71498e+22
122.3	  -2.71943e+22
122.4	  -2.72387e+22
122.5	  -2.72833e+22
122.6	  -2.73278e+22
122.7	  -2.73724e+22
122.8	  -2.74171e+22
122.9	  -2.74617e+22
123	  -2.75064e+22
123.1	  -2.75512e+22
123.2	  -2.7596e+22
123.3	  -2.76408e+22
123.4	  -2.76856e+22
123.5	  -2.77305e+22
123.6	  -2.77754e+22
123.7	  -2.78204e+22
123.8	  -2.78654e+22
123.9	  -2.79104e+22
124	  -2.79555e+22
124.1	  -2.80006e+22
124.2	  -2.80457e+22
124.3	  -2.80909e+22
124.4	  -2.81361e+22
124.5	  -2.81814e+22
124.6	  -2.82267e+22
124.7	  -2.8272e+22
124.8	  -2.83174e+22
124.9	  -2.83628e+22
125	  -2.84082e+22
125.1	  -2.84537e+22
125.2	  -2.84992e+22
125.3	  -2.85447e+22
125.4	  -2.85903e+22
125.5	  -2.86359e+22
125.6	  -2.86816e+22
125.7	  -2.87273e+22
125.8	  -2.8773e+22
125.9	  -2.88187e+22
126	  -2.88645e+22
126.1	  -2.89104e+22
126.2	  -2.89562e+22
126.3	  -2.90021e+22
126.4	  -2.90481e+22
126.5	  -2.90941e+22
126.6	  -2.91401e+22
126.7	  -2.91861e+22
126.8	  -2.92322e+22
126.9	  -2.92783e+22
127	  -2.93245e+22
127.1	  -2.93707e+22
127.2	  -2.94169e+22
127.3	  -2.94632e+22
127.4	  -2.95095e+22
127.5	  -2.95559e+22
127.6	  -2.96022e+22
127.7	  -2.96486e+22
127.8	  -2.96951e+22
127.9	  -2.97416e+22
128	  -2.97881e+22
128.1	  -2.98347e+22
128.2	  -2.98813e+22
128.3	  -2.99279e+22
128.4	  -2.99746e+22
128.5	  -3.00213e+22
128.6	  -3.0068e+22
128.7	  -3.01148e+22
128.8	  -3.01616e+22
128.9	  -3.02085e+22
129	  -3.02554e+22
129.1	  -3.03023e+22
129.2	  -3.03492e+22
129.3	  -3.03962e+22
129.4	  -3.04433e+22
129.5	  -3.04903e+22
129.6	  -3.05374e+22
129.7	  -3.05846e+22
129.8	  -3.06318e+22
129.9	  -3.0679e+22
130	  -3.07262e+22
130.1	  -3.07735e+22
130.2	  -3.08209e+22
130.3	  -3.08682e+22
130.4	  -3.09156e+22
130.5	  -3.0963e+22
130.6	  -3.10105e+22
130.7	  -3.1058e+22
130.8	  -3.11056e+22
130.9	  -3.11531e+22
131	  -3.12008e+22
131.1	  -3.12484e+22
131.2	  -3.12961e+22
131.3	  -3.13438e+22
131.4	  -3.13916e+22
131.5	  -3.14394e+22
131.6	  -3.14872e+22
131.7	  -3.15351e+22
131.8	  -3.1583e+22
131.9	  -3.16309e+22
132	  -3.16789e+22
132.1	  -3.17269e+22
132.2	  -3.1775e+22
132.3	  -3.18231e+22
132.4	  -3.18712e+22
132.5	  -3.19193e+22
132.6	  -3.19675e+22
132.7	  -3.20158e+22
132.8	  -3.2064e+22
132.9	  -3.21124e+22
133	  -3.21607e+22
133.1	  -3.22091e+22
133.2	  -3.22575e+22
133.3	  -3.23059e+22
133.4	  -3.23544e+22
133.5	  -3.2403e+22
133.6	  -3.24515e+22
133.7	  -3.25001e+22
133.8	  -3.25487e+22
133.9	  -3.25974e+22
134	  -3.26461e+22
134.1	  -3.26949e+22
134.2	  -3.27436e+22
134.3	  -3.27925e+22
134.4	  -3.28413e+22
134.5	  -3.28902e+22
134.6	  -3.29391e+22
134.7	  -3.29881e+22
134.8	  -3.30371e+22
134.9	  -3.30861e+22
135	  -3.31352e+22
135.1	  -3.31843e+22
135.2	  -3.32334e+22
135.3	  -3.32826e+22
135.4	  -3.33318e+22
135.5	  -3.33811e+22
135.6	  -3.34304e+22
135.7	  -3.34797e+22
135.8	  -3.3529e+22
135.9	  -3.35784e+22
136	  -3.36279e+22
136.1	  -3.36773e+22
136.2	  -3.37269e+22
136.3	  -3.37764e+22
136.4	  -3.3826e+22
136.5	  -3.38756e+22
136.6	  -3.39252e+22
136.7	  -3.39749e+22
136.8	  -3.40247e+22
136.9	  -3.40744e+22
137	  -3.41242e+22
137.1	  -3.4174e+22
137.2	  -3.42239e+22
137.3	  -3.42738e+22
137.4	  -3.43238e+22
137.5	  -3.43737e+22
137.6	  -3.44238e+22
137.7	  -3.44738e+22
137.8	  -3.45239e+22
137.9	  -3.4574e+22
138	  -3.46242e+22
138.1	  -3.46744e+22
138.2	  -3.47246e+22
138.3	  -3.47749e+22
138.4	  -3.48252e+22
138.5	  -3.48755e+22
138.6	  -3.49259e+22
138.7	  -3.49763e+22
138.8	  -3.50268e+22
138.9	  -3.50773e+22
139	  -3.51278e+22
139.1	  -3.51783e+22
139.2	  -3.52289e+22
139.3	  -3.52796e+22
139.4	  -3.53302e+22
139.5	  -3.53809e+22
139.6	  -3.54317e+22
139.7	  -3.54825e+22
139.8	  -3.55333e+22
139.9	  -3.55841e+22
140	  -3.5635e+22
140.1	  -3.56859e+22
140.2	  -3.57369e+22
140.3	  -3.57879e+22
140.4	  -3.58389e+22
140.5	  -3.589e+22
140.6	  -3.59411e+22
140.7	  -3.59923e+22
140.8	  -3.60434e+22
140.9	  -3.60946e+22
141	  -3.61459e+22
141.1	  -3.61972e+22
141.2	  -3.62485e+22
141.3	  -3.62999e+22
141.4	  -3.63513e+22
141.5	  -3.64027e+22
141.6	  -3.64542e+22
141.7	  -3.65057e+22
141.8	  -3.65572e+22
141.9	  -3.66088e+22
142	  -3.66604e+22
142.1	  -3.67121e+22
142.2	  -3.67637e+22
142.3	  -3.68155e+22
142.4	  -3.68672e+22
142.5	  -3.6919e+22
142.6	  -3.69709e+22
142.7	  -3.70227e+22
142.8	  -3.70746e+22
142.9	  -3.71266e+22
143	  -3.71786e+22
143.1	  -3.72306e+22
143.2	  -3.72826e+22
143.3	  -3.73347e+22
143.4	  -3.73868e+22
143.5	  -3.7439e+22
143.6	  -3.74912e+22
143.7	  -3.75434e+22
143.8	  -3.75957e+22
143.9	  -3.7648e+22
144	  -3.77003e+22
144.1	  -3.77527e+22
144.2	  -3.78051e+22
144.3	  -3.78576e+22
144.4	  -3.79101e+22
144.5	  -3.79626e+22
144.6	  -3.80152e+22
144.7	  -3.80678e+22
144.8	  -3.81204e+22
144.9	  -3.81731e+22
145	  -3.82258e+22
145.1	  -3.82785e+22
145.2	  -3.83313e+22
145.3	  -3.83841e+22
145.4	  -3.8437e+22
145.5	  -3.84898e+22
145.6	  -3.85428e+22
145.7	  -3.85957e+22
145.8	  -3.86487e+22
145.9	  -3.87018e+22
146	  -3.87548e+22
146.1	  -3.88079e+22
146.2	  -3.88611e+22
146.3	  -3.89142e+22
146.4	  -3.89675e+22
146.5	  -3.90207e+22
146.6	  -3.9074e+22
146.7	  -3.91273e+22
146.8	  -3.91807e+22
146.9	  -3.92341e+22
147	  -3.92875e+22
147.1	  -3.9341e+22
147.2	  -3.93945e+22
147.3	  -3.9448e+22
147.4	  -3.95016e+22
147.5	  -3.95552e+22
147.6	  -3.96089e+22
147.7	  -3.96626e+22
147.8	  -3.97163e+22
147.9	  -3.977e+22
148	  -3.98238e+22
148.1	  -3.98777e+22
148.2	  -3.99315e+22
148.3	  -3.99855e+22
148.4	  -4.00394e+22
148.5	  -4.00934e+22
148.6	  -4.01474e+22
148.7	  -4.02014e+22
148.8	  -4.02555e+22
148.9	  -4.03096e+22
149	  -4.03638e+22
149.1	  -4.0418e+22
149.2	  -4.04722e+22
149.3	  -4.05265e+22
149.4	  -4.05808e+22
149.5	  -4.06352e+22
149.6	  -4.06895e+22
149.7	  -4.07439e+22
149.8	  -4.07984e+22
149.9	  -4.08529e+22
150	  -4.09074e+22
150.1	  -4.0962e+22
150.2	  -4.10166e+22
150.3	  -4.10712e+22
150.4	  -4.11259e+22
150.5	  -4.11806e+22
150.6	  -4.12353e+22
150.7	  -4.12901e+22
150.8	  -4.13449e+22
150.9	  -4.13998e+22
151	  -4.14546e+22
151.1	  -4.15096e+22
151.2	  -4.15645e+22
151.3	  -4.16195e+22
151.4	  -4.16746e+22
151.5	  -4.17296e+22
151.6	  -4.17847e+22
151.7	  -4.18399e+22
151.8	  -4.18951e+22
151.9	  -4.19503e+22
152	  -4.20055e+22
152.1	  -4.20608e+22
152.2	  -4.21161e+22
152.3	  -4.21715e+22
152.4	  -4.22269e+22
152.5	  -4.22823e+22
152.6	  -4.23378e+22
152.7	  -4.23933e+22
152.8	  -4.24488e+22
152.9	  -4.25044e+22
153	  -4.256e+22
153.1	  -4.26157e+22
153.2	  -4.26714e+22
153.3	  -4.27271e+22
153.4	  -4.27828e+22
153.5	  -4.28386e+22
153.6	  -4.28945e+22
153.7	  -4.29503e+22
153.8	  -4.30063e+22
153.9	  -4.30622e+22
154	  -4.31182e+22
154.1	  -4.31742e+22
154.2	  -4.32302e+22
154.3	  -4.32863e+22
154.4	  -4.33424e+22
154.5	  -4.33986e+22
154.6	  -4.34548e+22
154.7	  -4.3511e+22
154.8	  -4.35673e+22
154.9	  -4.36236e+22
155	  -4.368e+22
155.1	  -4.37363e+22
155.2	  -4.37927e+22
155.3	  -4.38492e+22
155.4	  -4.39057e+22
155.5	  -4.39622e+22
155.6	  -4.40188e+22
155.7	  -4.40754e+22
155.8	  -4.4132e+22
155.9	  -4.41887e+22
156	  -4.42454e+22
156.1	  -4.43021e+22
156.2	  -4.43589e+22
156.3	  -4.44157e+22
156.4	  -4.44726e+22
156.5	  -4.45294e+22
156.6	  -4.45864e+22
156.7	  -4.46433e+22
156.8	  -4.47003e+22
156.9	  -4.47574e+22
157	  -4.48144e+22
157.1	  -4.48715e+22
157.2	  -4.49287e+22
157.3	  -4.49858e+22
157.4	  -4.50431e+22
157.5	  -4.51003e+22
157.6	  -4.51576e+22
157.7	  -4.52149e+22
157.8	  -4.52723e+22
157.9	  -4.53297e+22
158	  -4.53871e+22
158.1	  -4.54446e+22
158.2	  -4.55021e+22
158.3	  -4.55596e+22
158.4	  -4.56172e+22
158.5	  -4.56748e+22
158.6	  -4.57325e+22
158.7	  -4.57902e+22
158.8	  -4.58479e+22
158.9	  -4.59056e+22
159	  -4.59634e+22
159.1	  -4.60213e+22
159.2	  -4.60791e+22
159.3	  -4.6137e+22
159.4	  -4.6195e+22
159.5	  -4.6253e+22
159.6	  -4.6311e+22
159.7	  -4.6369e+22
159.8	  -4.64271e+22
159.9	  -4.64852e+22
160	  -4.65434e+22
160.1	  -4.66016e+22
160.2	  -4.66598e+22
160.3	  -4.67181e+22
160.4	  -4.67764e+22
160.5	  -4.68347e+22
160.6	  -4.68931e+22
160.7	  -4.69515e+22
160.8	  -4.701e+22
160.9	  -4.70685e+22
161	  -4.7127e+22
161.1	  -4.71856e+22
161.2	  -4.72442e+22
161.3	  -4.73028e+22
161.4	  -4.73615e+22
161.5	  -4.74202e+22
161.6	  -4.74789e+22
161.7	  -4.75377e+22
161.8	  -4.75965e+22
161.9	  -4.76553e+22
162	  -4.77142e+22
162.1	  -4.77732e+22
162.2	  -4.78321e+22
162.3	  -4.78911e+22
162.4	  -4.79501e+22
162.5	  -4.80092e+22
162.6	  -4.80683e+22
162.7	  -4.81275e+22
162.8	  -4.81866e+22
162.9	  -4.82458e+22
163	  -4.83051e+22
163.1	  -4.83644e+22
163.2	  -4.84237e+22
163.3	  -4.84831e+22
163.4	  -4.85425e+22
163.5	  -4.86019e+22
163.6	  -4.86614e+22
163.7	  -4.87209e+22
163.8	  -4.87804e+22
163.9	  -4.884e+22
164	  -4.88996e+22
164.1	  -4.89593e+22
164.2	  -4.90189e+22
164.3	  -4.90787e+22
164.4	  -4.91384e+22
164.5	  -4.91982e+22
164.6	  -4.92581e+22
164.7	  -4.93179e+22
164.8	  -4.93778e+22
164.9	  -4.94378e+22
165	  -4.94977e+22
165.1	  -4.95578e+22
165.2	  -4.96178e+22
165.3	  -4.96779e+22
165.4	  -4.9738e+22
165.5	  -4.97982e+22
165.6	  -4.98584e+22
165.7	  -4.99186e+22
165.8	  -4.99789e+22
165.9	  -5.00392e+22
166	  -5.00995e+22
166.1	  -5.01599e+22
166.2	  -5.02203e+22
166.3	  -5.02808e+22
166.4	  -5.03413e+22
166.5	  -5.04018e+22
166.6	  -5.04623e+22
166.7	  -5.05229e+22
166.8	  -5.05836e+22
166.9	  -5.06442e+22
167	  -5.07049e+22
167.1	  -5.07657e+22
167.2	  -5.08265e+22
167.3	  -5.08873e+22
167.4	  -5.09481e+22
167.5	  -5.1009e+22
167.6	  -5.10699e+22
167.7	  -5.11309e+22
167.8	  -5.11919e+22
167.9	  -5.12529e+22
168	  -5.1314e+22
168.1	  -5.13751e+22
168.2	  -5.14362e+22
168.3	  -5.14974e+22
168.4	  -5.15586e+22
168.5	  -5.16199e+22
168.6	  -5.16812e+22
168.7	  -5.17425e+22
168.8	  -5.18038e+22
168.9	  -5.18652e+22
169	  -5.19267e+22
169.1	  -5.19881e+22
169.2	  -5.20496e+22
169.3	  -5.21112e+22
169.4	  -5.21728e+22
169.5	  -5.22344e+22
169.6	  -5.2296e+22
169.7	  -5.23577e+22
169.8	  -5.24194e+22
169.9	  -5.24812e+22
170	  -5.2543e+22
170.1	  -5.26048e+22
170.2	  -5.26667e+22
170.3	  -5.27286e+22
170.4	  -5.27905e+22
170.5	  -5.28525e+22
170.6	  -5.29145e+22
170.7	  -5.29766e+22
170.8	  -5.30387e+22
170.9	  -5.31008e+22
171	  -5.3163e+22
171.1	  -5.32251e+22
171.2	  -5.32874e+22
171.3	  -5.33496e+22
171.4	  -5.3412e+22
171.5	  -5.34743e+22
171.6	  -5.35367e+22
171.7	  -5.35991e+22
171.8	  -5.36615e+22
171.9	  -5.3724e+22
172	  -5.37865e+22
